cohort	raw	host	filtered	clean
Control	17252750	17193090	11630	48030
COVID	26645916	26486851	110696	48369
Control	42285733	41816517	220204	249012
Control	19338727	19092992	43549	202186
Control	22021280	21439433	386166	195681
COVID	64231049	61580010	320645	2330394
Control	11524345	11511475	9885	2985
Control	27948467	27861034	68944	18489
Control	30817260	30755771	9365	52124
COVID	10326315	10142642	133519	50154
Control	36850836	35321148	1325973	203715
COVID	9977338	9940878	10868	25592
Control	93478203	88886009	1605015	2987179
Control	28662711	28546609	31485	84617
COVID	35155121	34786412	243911	124798
Control	30688623	30659821	23476	5326
Control	22613633	22479358	74452	59823
Control	21641546	21583233	7771	50542
Control	22606679	21850047	57481	699151
Control	12408255	12407712	178	365
COVID	22885742	22879352	4441	1949
Control	60038425	57926236	726769	1385420
Control	38880286	37252813	100658	1526815
Control	29382447	27774905	620213	987329
Control	32433096	32077730	13541	341825
Control	38494505	36877380	1313982	303143
Control	26451170	25679934	409327	361909
COVID	23106580	22576965	339445	190170
COVID	30744098	29418631	838910	486557
COVID	20719789	20298863	46942	373984
Control	16085748	15764451	23532	297765
Control	27285061	24072933	1281423	1930705
Control	31893889	30943207	173279	777403
Control	29110282	28737319	280256	92707
Control	52775001	50529830	1743287	501884
COVID	22331978	18758650	3233575	339753
Control	32432518	32112080	87551	232887
Control	18719354	18666724	46053	6577
Control	51742321	51644795	11718	85808
Control	18262793	17708671	278501	275621
Control	20970715	19933707	775857	261151
Control	22945187	22757432	11162	176593
Control	2089253.013	2089247.013	0	6
Control	24422369	24360918	8872	52579
Control	11077574	10956571	53240	67763
Control	19865634	19823333	6282	36019
COVID	41732114	41162399	342110	227605
Control	36733499	36372432	98347	262720
Control	7077795	6879313	177177	21305
Control	35431644	35112386	77938	241320
Control	8272092	8172536	71122	28434
COVID	61148945	59921351	854488	373106
COVID	8511850	8394366	81440	36044
Control	14820044	14652580	132025	35439
Control	19264977	17726616	579665	958696
Control	34896497	30142956	4391397	362144
COVID	48899330	48006486	290713	602131
Control	16945336	16159636	606051	179649
COVID	22963640	22743402	161074	59164
Control	22585171	22549778	25746	9647
Control	36245883	35483819	129621	632443
Control	74935825	74836085	25938	73802
Control	21931466	21404638	13407	513421
Control	31671733	30635398	631479	404856
Control	46003609	33656482	11439809	907318
Control	36966225	34555372	1105097	1305756
Control	39894302	39797552	12278	84472
Control	25727602	25422045	29637	275920
Control	2425827	2377534	33382	14911
Control	17593115	17129618	246201	217296
Control	25095234	24451924	131006	512304
Control	81247895	80885833	154540	207522
Control	20285973	19826079	153089	306805
Control	23791271	23451838	12620	326813
Control	49624379	49463123	11658	149598
COVID	24467422	24405071	10432	51919
Control	22394882	20741427	1380862	272593
Control	68841568	67985227	323517	532824
Control	21221885	19683609	1108040	430236
Control	30569658	26785073	3459274	325311
Control	16382787	16264015	31213	87559
Control	15674958	14145578	588902	940478
COVID	30366844	29374846	264365	727633
Control	7912746	7754462	7544	150740
Control	13804903	13644774	29309	130820
Control	26467535	26227772	103718	136045
Control	17489601	17218109	102896	168596
Control	31520628	31362057	36468	122103
Control	22406833	20510120	1246371	650342
COVID	36864482	34434383	1367046	1063053
Control	40916696	40129062	336421	451213
COVID	58735034	56107429	399698	2227907
Control	19476633	19374145	63032	39456
Control	37528589	37462246	8831	57512
COVID	32643031	31962607	49603	630821
COVID	12240644	7541257	4013641	685746
Control	43239877	42827139	61978	350760
Control	31531726	30425103	890086	216537
Control	15043607	14957299	30963	55345
COVID	21882178	21521629	284449	76100
COVID	5472406	5230519	85627	156260
Control	15140169	15096352	34105	9712
Control	14868689	3471929	4609295	6787465
Control	37019156	34294294	857638	1867224
Control	20775297	20715842	7489	51966
COVID	27461610	25681108	1321988	458514
Control	69684526	69446603	43211	194712
Control	39731668	37454387	2113486	163795
Control	6722307	6701627	19387	1293
Control	57835209	57428224	268292	138693
Control	8315494	7558870	369252	387372
COVID	26006454	25668019	88786	249649
Control	17143463	17056869	16692	69902
Control	21552874	21488106	3806	60962
Control	23598046	23350570	24004	223472
Control	20237012	20154616	70005	12391
Control	23527464	23458013	11129	58322
Control	54945998	54488493	370597	86908
Control	12813529	12766179	15148	32202
COVID	21082182	20069635	709016	303531
Control	19300865	15838110	1608511	1854244
COVID	39144776	39118850	21452	4474
Control	10378044	10207443	42702	127899
Control	43241673	42723918	16929	500826
Control	30263724	29435521	684731	143472
Control	19038922	18904666	80128	54128
Control	28113585	22480744	3304254	2328587
Control	25344792	25089117	53838	201837
Control	62689031	60873780	1423767	391484
Control	26842613	26771416	8338	62859
Control	23109079	22724268	147618	237193
COVID	26823227	24966862	1606999	249366
Control	34672723	33553498	587115	532110
Control	11205600	9105147	1415190	685263
Control	17260244	16661112	63663	535469
Control	42067873	40850902	970318	246653
Control	13661968	13583110	11197	67661
COVID	13766907	12099595	639586	1027726
Control	27081935	26433695	479335	168905
COVID	23555527	23175398	237653	142476
Control	32720605	32375700	196734	148171
Control	10638335	10618085	3553	16697
Control	9697513	9002571	380203	314739
Control	66798543	66091816	513476	193251
Control	10784767	10713710	9546	61511
Control	34593979	30373126	1755561	2465292
COVID	36313601	35762768	23365	527468
Control	23330592	22927244	188959	214389
Control	18437500	18225769	51122	160609
COVID	37661519	34734012	362869	2564638
COVID	16410162	15909129	446358	54675
Control	11164453	11120687	39674	4092
Control	16597444	15953260	435459	208725
Control	20754211	20523619	50033	180559
Control	34032704	31651929	1849115	531660
Control	16710921	16350023	259246	101652
Control	82414036	81259385	427689	726962
COVID	27233346	20160291	3469376	3603679
Control	30024310	29891152	14599	118559
Control	21278319	21116229	71727	90363
COVID	22508487	18763124	1982268	1763095
Control	22060140	21162495	421722	475923
Control	35936019	35707509	107698	120812
Control	16832622	16785306	36021	11295
Control	27120628	26767904	60313	292411
COVID	33672684	29013073	2600860	2058751
Control	19898176	16966621	1394847	1536708
Control	46359353	45149324	1020306	189723
COVID	19237489	15325666	1747919	2163904
Control	4380167	4357462	2399	20306
Control	4082039	4043371	14003	24665
Control	15022127	14762756	74161	185210
Control	15218348	14980527	78740	159081
Control	7515559	7213686	180982	120891
Control	40913642	39331383	746667	835592
COVID	26897655	21319930	3678554	1899171
Control	28394675	28018440	10742	365493
Control	35761438	34152647	362980	1245811
Control	23077277	21886086	990998	200193
Control	40154676	39842278	121522	190876
Control	5184923	5152544	7829	24550
Control	21711501	21679437	9063	23001
Control	24749826	24704467	38457	6902
Control	14733131	14679020	12987	41124
Control	27752492	27725767	23509	3216
COVID	32935097	30019616	2289624	625857
Control	15199683	15144016	4810	50857
Control	33440693	25114683	6515119	1810891
COVID	31341856	30932246	269682	139928
Control	15959821	15635446	117442	206933
Control	29376950	28493337	403282	480331
Control	36513463	35772451	119066	621946
Control	15139834	15074906	60843	4085
Control	45631101	45251491	323760	55850
Control	55731046	54994921	224886	511239
Control	27529488	27426196	46548	56744
Control	6309026	6283415	8731	16880
Control	21151245	19536238	808808	806199
Control	36280015	36189329	10541	80145
Control	51466649	50940670	119852	406127
Control	53327480	51026018	938175	1363287
Control	13497032	11997537	700007	799488
Control	27193846	27110422	23942	59482
Control	17241614	17190459	10729	40426
Control	8535444	8498209	5121	32114
Control	40578604	39009759	1001905	566940
COVID	11294954	11259456	30453	5045
Control	32994752	32908425	73303	13024
Control	2047545	2036160	2557	8828
Control	18682830	17314430	634538	733862
Control	14165570	14030353	47283	87934
Control	12261344	12186584	28439	46321
Control	32760132	32557198	166053	36881
Control	28937867	28737843	100354	99670
Control	37112811	36729155	340606	43050
Control	41334028	41043057	140066	150905
COVID	44346885	44178009	4899	163977
Control	23837979	15399543	7685169	753267
Control	17717455	16416454	473403	827598
Control	20183683	19737653	173531	272499
Control	14963978	14899161	20891	43926
Control	32976758	32976342	1	415
Control	58060857	57111428	165638	783791
Control	30657687	29978475	231280	447932
COVID	16259784	11907069	346926	4005789
Control	19321446	17840550	1125718	355178
Control	7172889	7141607	4424	26858
Control	20612194	20480475	15933	115786
Control	42367570	41688557	271233	407780
Control	49558249	49041279	380983	135987
Control	28753458	28650416	6235	96807
Control	20375230	20324182	12759	38289
Control	23776327	23084739	336268	355320
Control	25327217	25322362	3268	1587
Control	30344987	30100932	199800	44255
COVID	29968293	24177179	950196	4840918
COVID	10380024	10269306	29743	80975
Control	26150618	25784678	78795	287145
Control	25473919	25308392	7580	157947
Control	19056331	19009904	19476	26951
Control	28509623	27883918	485511	140194
COVID	22367615	12978250	2534944	6854421
Control	47597497	46917283	380961	299253
Control	23335991	22247675	322998	765318
Control	36871602	34806574	1607999	457029
Control	58872485	58723676	19991	128818
Control	12187074	12147973	10814	28287
Control	12145829	11732486	229526	183817
Control	18550529	18478483	8647	63399
Control	25928913	25234165	296662	398086
COVID	51099271	49670526	458484	970261
COVID	76006381	75019234	266827	720320
Control	43835829	43341217	75134	419478
Control	45110714	41919002	2552524	639188
Control	22389106	22185412	175559	28135
Control	7412669	7337153	45012	30504
COVID	2350920.768	2342554.768	1628	6738
Control	23939355	23853953	24459	60943
Control	29709546	29365898	98934	244714
Control	46951071	42980401	2410262	1560408
Control	14712346	12965760	881721	864865
Control	12997573	12640867	232621	124085
COVID	9902669	9870948	29045	2676
Control	68349613	67771805	238230	339578
Control	41258224	40847080	322223	88921
COVID	10316221	10123953	138354	53914
Control	35160925	34727445	114793	318687
Control	47154029	24739497	20899353	1515179
COVID	34929095	34191699	478275	259121
COVID	77779025	76440050	171842	1167133
Control	22969930	22210110	157575	602245
COVID	12222669	11938138	37985	246546
COVID	27023368	26542328	377181	103859
COVID	26643881	24714878	1292894	636109
Control	28774982	28715748	14228	45006
Control	20618040	20523999	13879	80162
Control	15050442	14696916	24461	329065
Control	39455449	39051622	124642	279185
COVID	25928306	24120008	1263025	545273
Control	18873383	18839061	6644	27678
Control	24172544	24124869	37818	9857
Control	30563116	28672488	1487555	403073
Control	22878986	22704666	108582	65738
COVID	24601620	23719919	611684	270017
Control	54297387	53882742	277263	137382
Control	13938363	12303042	815165	820156
Control	22954047	22394284	389649	170114
COVID	22469460	22433495	6319	29646
COVID	37748330	37230443	114455	403432
Control	26421708	25549240	717051	155417
Control	22177906	21684789	422450	70667
Control	2288344	2288296	0	48
Control	32631866	32344346	235465	52055
Control	31150483	30783956	126200	240327
Control	43840231	43790866	10768	38597
Control	22193726	21883828	126425	183473
Control	23813669	23730469	21873	61327
Control	2790388	2778279	1736	10373
Control	29192147	29120789	59526	11832
Control	21668277	21416950	219152	32175
Control	21164849	20452372	152986	559491
Control	20754914	20631588	26574	96752
Control	36404188	35617446	333122	453620
Control	16699692	16325711	314699	59282
Control	5178441	5155362	21088	1991
Control	22836808	22704536	33209	99063
Control	20140700	19858851	165284	116565
Control	15059760	14870383	121328	68049
COVID	23758911	22631926	855913	271072
COVID	15702138	15174616	67784	459738
Control	40052116	40047781	688	3647
Control	15636376	14434296	408935	793145
Control	29725267	29121911	295952	307404
Control	40430598	34180733	3757236	2492629
Control	6564703	6536452	23900	4351
COVID	30501515	29663661	669643	168211
Control	30648106	26939233	3072090	636783
COVID	18545825	11584016	6245197	716612
Control	27060972	27004912	5028	51032
Control	32738315	31892456	188303	657556
Control	48153387	38558481	3216911	6377995
Control	58437112	58130113	185306	121693
Control	11919977	11799043	52886	68048
Control	6197086	6128217	27676	41193
Control	34598614	34344638	138759	115217
COVID	49569901	48359968	123409	1086524
Control	25912197	25434699	369927	107571
Control	31520493	31158738	153788	207967
Control	13236121	13199545	3864	32712
Control	50779244	38567189	4658484	7553571
COVID	66689086	65531445	191671	965970
Control	34733084	34432821	231345	68918
Control	1405181	NA	NA	1
Control	44952813	44037762	107636	807415
COVID	50000001	49117132	1705	881164
Control	18858649	18755682	7721	95246
Control	17199550	17092938	48551	58061
Control	28561012	28312297	36836	211879
Control	30642714	28525206	1005428	1112080
Control	22864064	22814213	13638	36213
Control	38095400	38094453	16	931
Control	18660054	18599045	7743	53266
COVID	13006737	10045148	2620169	341420
Control	17324799	17097346	147844	79609
COVID	35310482	34930152	261665	118665
Control	23522807	17461145	4195436	1866226
Control	42540638	40261001	1719379	560258
Control	18186033	18149046	4475	32512
Control	18242407	18135043	25664	81700
Control	28495527	24184674	1313857	2996996
Control	30425535	30348796	7574	69165
Control	16963600	16269285	141970	552345
Control	4738424	4734998	455	2971
Control	15359452	15124611	106139	128702
Control	42056339	41638494	1511	416334
Control	7010035	6968126	5079	36830
Control	41026787	39731577	716051	579159
COVID	21222685	19262302	1338888	621495
Control	20830802	20285971	132521	412310
Control	7036572	6987787	2852	45933
COVID	14099169	13960805	16533	121831
Control	44561331	44419140	1270	140921
Control	13476367	13425780	6494	44093
Control	51600762	49661791	1585520	353451
Control	10631975	10619892	11251	832
COVID	29159086	23646117	5019404	493565
Control	19745676	16807982	971906	1965788
COVID	13593561	13530375	8039	55147
Control	14192885	14192725	13	147
Control	13945670	13717124	33898	194648
COVID	18197965	17616602	151978	429385
Control	54301656	53192724	172040	936892
Control	40676905	40421281	55986	199638
COVID	18158683	17172480	532307	453896
Control	30092009	29630810	45263	415936
Control	23699402	23395856	75852	227694
Control	22201907	22102705	40360	58842
COVID	17834880	14031454	2331992	1471434
Control	39047587	34375862	3915584	756141
COVID	12709355	5160047	6146757	1402551
Control	42070703	41251657	599142	219904
COVID	33290675	31174052	1540248	576375
Control	150782669	149080751	93257	1608661
COVID	50000001	49730468	65188	204345
Control	23124252	22711277	233627	179348
Control	13274856	13214944	5631	54281
Control	65047292	64863320	30019	153953
COVID	30621213	30153891	109542	357780
Control	23194933	22806869	154582	233482
Control	26486689	26333657	111314	41718
Control	25932943	25818110	39190	75643
Control	68561425	66515648	685724	1360053
Control	36848267	35739853	913882	194532
Control	28647756	28566212	6979	74565
Control	43101980	39041716	3639185	421079
Control	33198952	33142668	40941	15343
Control	10212748	10127856	70394	14498
Control	14220418	14135125	281	85012
Control	50730666	50242990	103762	383914
Control	51924114	51426288	201011	296815
Control	17900971	16435603	1004648	460720
Control	38542742	38369308	119032	54402
COVID	22748568	21578222	442067	728279
Control	8758847	8750376	7732	739
Control	16034489	14567061	792992	674436
Control	1381019	1373090	4111	3818
Control	34146022	33948705	26787	170530
Control	23506842	23270238	10254	226350
Control	12056506	11562290	49992	444224
Control	9582943	9538219	9486	35238
COVID	25053841	24174409	42747	836685
Control	11755025	11639316	58799	56910
Control	12424403	12417187	1292	5924
Control	5178398	5069713	72622	36063
Control	35316882	31475565	3131014	710303
Control	63760725	62817893	67231	875601
Control	23194957	23091931	38288	64738
Control	72772089	71048738	600304	1123047
Control	22965447	22774455	8623	182369
Control	34223255	31428299	2161335	633621
Control	23780911	21746894	1245048	788969
Control	61081501	60802106	32362	247033
Control	15849730	15796832	14246	38652
Control	12939505	12835668	4604	99233
Control	37096759	34691741	881009	1524009
Control	33096438	30775011	1138627	1182800
Control	61505488	61344296	106557	54635
Control	17871142	17712210	128059	30873
COVID	11320856	7867417	240125	3213314
Control	65569184	65533765	16982	18437
COVID	33016767	32277583	151850	587334
Control	23176824	17294657	4977342	904825
COVID	16682545	16607004	53227	22314
Control	43091250	33300764	7739547	2050939
COVID	13174206	13106824	50330	17052
Control	17716201	17693336	908	21957
Control	107074037	92623414	12523719	1926904
COVID	46881595	46104012	345790	431793
Control	16480051	16376726	49613	53712
Control	37040395	36580810	407801	51784
Control	21134788	21100521	187	34080
Control	15562461	15272117	106069	184275
Control	39100840	36595305	1843338	662197
Control	13966669	13817349	69295	80025
Control	16875768	15676236	513759	685773
Control	22151664	21354705	666551	130408
Control	11802260	11762684	6302	33274
Control	35015689	34026414	99807	889468
Control	20236376	19149131	508185	579060
Control	32649384	32510286	4419	134679
Control	31129303	31071709	52792	4802
COVID	18904441	18879697	12103	12641
Control	15314689	15215847	71569	27273
Control	9536763	9511610	21960	3193
Control	13789600	12810000	647018	332582
COVID	25494284	23995884	536493	961907
Control	37380633	36598955	128464	653214
Control	19239549	18019621	501187	718741
Control	22654704	22209024	51373	394307
Control	7900129	6128285	550621	1221223
Control	18909181	18302258	333258	273665
Control	9908177	9846100	50678	11399
Control	23399726	22533111	259879	606736
COVID	34557039	34255192	171222	130625
Control	100645589	100460887	22195	162507
Control	52977316	52944340	27124	5852
Control	27800231	24704112	1771954	1324165
Control	26487972	26362734	112707	12531
Control	36172988	35606421	423245	143322
COVID	18644322	18118502	208463	317357
Control	11045285	9472780	490544	1081961
Control	2604597	2602230	1374	993
Control	21764022	21337369	290486	136167
Control	13448392	13339671	13853	94868
Control	16462976	14296739	1241614	924623
Control	23021143	22954571	7014	59558
Control	16500706	16086762	140495	273449
Control	24889544	24203841	209972	475731
Control	21577208	18775565	1866317	935326
Control	21010143	20242497	386354	381292
COVID	17008146	16896453	96070	15623
Control	72005039	71962833	30372	11834
Control	24026269	23703228	274319	48722
Control	5341040	5315906	16550	8584
COVID	29558886	27266645	1823387	468854
Control	33175657	33119466	6635	49556
Control	39601326	39317227	104447	179652
Control	7923075	7857114	15804	50157
Control	35179553	34713260	103865	362428
Control	1441166	NA	NA	1
COVID	21168313	21110579	6460	51274
Control	18456025	18297419	13495	145111
COVID	44779951	41853229	2097097	829625
Control	44595338	44092507	286293	216538
Control	108716068	107895193	619389	201486
Control	24083026	24009820	11189	62017
Control	18609413	18124096	49419	435898
COVID	40395516	39727142	283803	384571
Control	20845328	20744429	22346	78553
Control	17966961	17745993	48663	172305
Control	28954334	28472534	114537	367263
Control	19911705	19399271	287876	224558
Control	21616015	21431011	25713	159291
Control	41424055	41381281	7290	35484
COVID	26557193	26432798	30132	94263
Control	60682553	59809393	670825	202335
Control	12642475	12556080	13553	72842
Control	14079486	14013418	63304	2764
Control	7302508	7108258	114366	79884
Control	29739186	25023339	2466649	2249198
COVID	7085701	5328621	939193	817887
Control	20646345	18238074	1225543	1182728
COVID	14942988	13291314	448240	1203434
Control	98941005	97384466	1162390	394149
COVID	21723655	20960390	523818	239447
COVID	25619401	25466861	27054	125486
COVID	31256630	30270181	193176	793273
Control	34887074	34754945	1168	130961
Control	40030029	39402601	186758	440670
Control	31745260	31407465	196518	141277
Control	25668592	24657733	193449	817410
Control	13132253	13071910	10459	49884
Control	28324548	27984878	260268	79402
Control	28717955	24749169	2641496	1327290
COVID	31063979	30691758	52110	320111
Control	22803304	22701041	17140	85123
Control	4251523	4210263	22448	18812
Control	30770768	30538680	78716	153372
Control	47324362	47223557	91345	9460
Control	26791473	22081478	4508782	201213
COVID	24143962	15464703	3281994	5397265
Control	19452284	19443138	7621	1525
Control	42249661	42153723	29037	66901
Control	24688524	23258596	1221031	208897
COVID	31283055	27671879	3031297	579879
Control	7280208	7137678	69851	72679
Control	6962851	6915190	45664	1997
COVID	43272627	42393606	429961	449060
Control	33421095	33275286	32884	112925
Control	39960162	39887747	9764	62651
Control	10167968	10158000	183	9785
Control	49634585	49096335	352129	186121
Control	41585040	41170598	298732	115710
COVID	23728224	23424771	58709	244744
COVID	23796790	20965957	1442532	1388301
Control	23448038	22698335	106493	643210
Control	33295231	31592946	1500646	201639
COVID	27610115	27251759	57629	300727
Control	55320392	54161850	796433	362109
Control	44135241	43770008	117182	248051
Control	24650370	24326745	76185	247440
Control	14619802	14576435	10424	32943
Control	26420176	26235129	40013	145034
Control	35215987	35214489	1047	451
COVID	19578362	19488452	6214	83696
Control	24659419	24573422	8307	77690
Control	53143102	52453065	216918	473119
Control	14932241	14621837	28566	281838
COVID	24052946	22287208	1158572	607166
Control	14498064	14492198	5505	361
Control	46449360	44475561	1623304	350495
Control	68050850	58982962	1749919	7317969
Control	23300849	22895629	127933	277287
COVID	41671840	40240159	458103	973578
Control	44349526	43793872	469647	86007
Control	14163610	14085524	26458	51628
Control	51187038	51161235	19862	5941
COVID	32739826	32298515	320107	121204
Control	16379905	16352164	3590	24151
Control	9179253	9077612	73898	27743
Control	9756939	9663097	18794	75048
Control	48247112	40989985	3891568	3365559
COVID	21981658	20543156	815941	622561
Control	50311099	49529577	195233	586289
Control	14768532	14653329	22259	92944
Control	32575891	31132104	1129075	314712
Control	33014088	32504205	137445	372438
Control	33538434	27865039	4945838	727557
COVID	22335357	20748259	616783	970315
Control	50307552	50238075	41226	28251
Control	47496651	47332335	117416	46900
Control	27298957	26455240	80583	763134
Control	33523779	33253943	48726	221110
Control	9404982	9277138	118941	8903
Control	5988558	5911201	39917	37440
Control	13947601	11081912	1576350	1289339
Control	15060846	14809190	66598	185058
Control	47220118	46629917	111812	478389
Control	27785747	26727431	98037	960279
Control	11340485	11315429	3964	21092
Control	31203696	31081242	47737	74717
Control	28980261	27522633	259798	1197830
Control	26755888	26578290	122333	55265
COVID	14336080	14267550	7802	60728
Control	18812710	18718828	22637	71245
Control	20679357	20272540	246728	160089
Control	56887937	55759139	84103	1044695
Control	17308547	17229349	72984	6214
Control	42912233	40844927	861266	1206040
Control	20217048	18889185	789559	538304
Control	15673030	15614284	6220	52526
COVID	10828335	10801291	6259	20785
Control	5828773	5742413	16517	69843
Control	36965484	36937312	21048	7124
Control	26193255	25733864	197402	261989
Control	76566657	75228631	968796	369230
COVID	27952174	27531364	120739	300071
Control	23682488	23387083	151280	144125
Control	30788688	22364725	6853195	1570768
Control	66537798	65506589	122820	908389
Control	10449858	10203672	60736	185450
Control	48292931	48035758	56551	200622
Control	39996911	38134191	1295145	567575
Control	16350042	13613428	1135089	1601525
Control	24418817	24153908	120231	144678
Control	33277336	31061171	1705213	510952
Control	38031832	37163353	99737	768742
Control	20306597	20251713	8858	46026
COVID	17837866	15107769	2132001	598096
Control	5001507	4988494	2319	10694
COVID	22445999	18791853	1925759	1728387
Control	28689080	28669227	18580	1273
Control	10977729	10855471	110295	11963
COVID	24130630	20916202	1250922	1963506
Control	13436951	13384872	1779	50300
COVID	27601522	20569698	3389420	3642404
Control	21510218	20611981	504357	393880
Control	23730580	23676941	12622	41017
Control	56196057	56196005	3	49
Control	24516681	24448334	9398	58949
Control	23817435	23667541	108967	40927
Control	40588203	39214631	1138385	235187
Control	13823170	13666176	81932	75062
COVID	61553999	60334713	703675	515611
Control	20087014	19126266	768090	192658
Control	10618013	10593909	7462	16642
Control	87796587	86643096	192721	960770
COVID	39640917	37891965	788935	960017
COVID	14478243	14450423	4801	23019
Control	29547985	29509208	32531	6246
Control	35197212	34796187	79873	321152
COVID	14203140	10086976	1968948	2147216
Control	53337774	49958570	2707319	671885
Control	3473346	3473241	61	44
COVID	58143849	57545522	403965	194362
Control	19307038	19116451	36889	153698
COVID	22291037	21863403	108467	319167
Control	14656442	14332262	234538	89642
Control	24464776	23128622	590608	745546
Control	33615414	33205868	338375	71171
Control	17357978	17286688	15874	55416
Control	16048891	15995788	16577	36526
Control	3014774	3003509	1073	10192
Control	16123476	16085621	5195	32660
COVID	47979297	47320746	379398	279153
Control	12226925	12177675	11400	37850
Control	14645950	14609973	7500	28477
Control	16926432	16885676	9346	31410
Control	27679209	26152895	168465	1357849
Control	25074080	24868647	20729	184704
Control	27862754	27086741	91711	684302
Control	14453771	14337765	23087	92919
Control	48230203	44891923	3039342	298938
Control	38237379	38072610	101178	63591
Control	2776200	2775906	7	287
Control	29112573	29043551	14157	54865
Control	10648013	10589897	20902	37214
Control	10640721	10608974	3458	28289
Control	22639224	22576701	13831	48692
COVID	3394936	3363033	19386	12517
Control	14339616	14076499	99998	163119
Control	44894079	41467287	1497445	1929347
Control	10511334	10220530	254503	36301
Control	17513458	17107494	200562	205402
Control	23245790	23245567	6	217
COVID	65073574	63438959	741118	893497
Control	10305610	10253632	9018	42960
Control	17361480	15916601	841205	603674
Control	29773200	29675931	12152	85117
Control	60865706	60254051	248473	363182
Control	16100580	15999758	44802	56020
Control	29086485	28666864	69594	350027
Control	11555729	8214214	2520128	821387
Control	42750522	42039002	343355	368165
Control	37928969	37916953	8738	3278
COVID	12871490	9694510	1843901	1333079
Control	17018391	16029719	244277	744395
Control	18501253	17672850	59089	769314
Control	44458591	43762057	561737	134797
Control	9264163	9172714	35881	55568
COVID	22947896	22730223	146865	70808
Control	17109592	17039290	9805	60497
Control	55996323	55538040	270429	187854
Control	2464790	2421077	40456	3257
Control	60769834	53324585	3023205	4422044
COVID	33208818	32560524	222451	425843
Control	57884228	56603943	831285	449000
Control	56528575	56220737	58604	249234
COVID	27543279	27016119	113964	413196
Control	25123879	25058339	60773	4767
Control	11464765	10451381	429524	583860
Control	45219640	44882181	37782	299677
Control	19856721	19772064	65019	19638
COVID	24905140	22910294	191876	1802970
Control	55931282	55771038	19017	141227
Control	94584675	92882042	833106	869527
Control	23029623	22183651	286718	559254
Control	28886946	28836777	7325	42844
Control	16103711	15805883	68444	229384
Control	23614361	23308361	28788	277212
Control	30718772	30086096	78306	554370
Control	54768086	54259328	160926	347832
COVID	9509115	2904285	1669497	4935333
COVID	20664144	4713975	15202936	747233
Control	41432456	39366713	1388708	677035
COVID	11496212	10344220	631323	520669
Control	16953952	16880850	12193	60909
COVID	27038945	26899625	26608	112712
COVID	33044180	32519868	275540	248772
Control	23807982	21968265	1354762	484955
Control	23151683	22790014	208506	153163
COVID	17809608	17748197	14943	46468
Control	12861653	12804473	13834	43346
COVID	17828852	16287761	714703	826388
Control	22736223	22687550	9613	39060
Control	35115875	34963819	12689	139367
Control	7805592	7420234	194837	190521
Control	34346788	29253211	2408009	2685568
Control	25139399	24866899	99761	172739
Control	16387073	16303068	16169	67836
COVID	50040091	41740458	562254	7737379
Control	10000565	9850430	137110	13025
Control	28753655	28105995	134745	512915
Control	24848151	24064013	513544	270594
Control	50027079	49669429	111173	246477
Control	52067672	51577736	176847	313089
Control	23592301	23523859	23785	44657
Control	26812699	26707292	19742	85665
COVID	17096273	15986665	778431	331177
Control	45269067	43896920	998300	373847
Control	30798972	27643482	2489909	665581
COVID	26073919	24774381	568442	731096
Control	15373331	15291505	23794	58032
Control	39113703	39045507	8122	60074
COVID	75316023	74379815	475920	460288
Control	9534610	9435597	84366	14647
Control	21097879	18265312	1868305	964262
COVID	20210284	19976010	11554	222720
Control	14114778	13794983	231953	87842
Control	18196310	17991932	102494	101884
Control	93183752	92504014	265068	414670
COVID	40292678	11122649	24492804	4677225
Control	24637995	23450132	783006	404857
Control	14276856	13994148	135490	147218
Control	10565846	9665831	364388	535627
Control	29127826	26795990	1506396	825440
Control	13053174	12993660	57218	2296
Control	8964794	8724926	136142	103726
Control	27973188	24695126	1582816	1695246
Control	7142654	7104649	18521	19484
Control	66842343	66095957	559538	186848
Control	15427688	15332939	11347	83402
Control	51875883	51580865	123806	171212
Control	47560863	46947496	468345	145022
Control	30382071	29997456	321353	63262
Control	18597300	15928624	1658516	1010160
Control	15562060	15503107	13764	45189
Control	19529924	19337135	82864	109925
Control	51185249	50979060	59077	147112
Control	19421271	19177950	207988	35333
Control	7746171	7717763	8137	20271
COVID	15098503	11792282	1916143	1390078
Control	63404852	63017962	162196	224694
Control	23955599	20588280	1175480	2191839
Control	41499039	24693055	15585689	1220295
Control	10709007	10494379	171925	42703
Control	26135874	25960842	46145	128887
Control	21018187	20923271	33536	61380
Control	20757087	20682970	10222	63895
COVID	39203531	38850253	212525	140753
Control	93646766	91355845	224537	2066384
Control	29210368	28899438	52636	258294
Control	46919667	46846119	50395	23153
COVID	11109214	11034272	20575	54367
Control	18046361	18046173	18	170
Control	45303924	43955553	1057592	290779
Control	24852136	24738856	106128	7152
Control	21224304	20903571	146652	174081
Control	17413804	17362971	21821	29012
Control	4929295	4748653	128320	52322
Control	28255342	28142351	17701	95290
COVID	11260104	11252508	6714	882
COVID	53747764	53188457	240386	318921
Control	47382430	46665574	397686	319170
Control	46199802	46165569	55	34178
COVID	18806830	9870404	8006337	930089
Control	30018331	29635102	42271	340958
Control	50957075	49749450	824508	383117
Control	19496113	19464716	27928	3469
Control	47726071	44810750	2693039	222282
COVID	12945258	12873428	4946	66884
Control	24098925	23757519	290801	50605
COVID	40694038	33988558	2179505	4525975
Control	20858960	20769234	23357	66369
COVID	57588047	56957813	140752	489482
Control	25394701	25014699	201279	178723
Control	22491472	22423672	47059	20741
COVID	20669521	19380403	348963	940155
Control	32161107	31538390	183487	439230
Control	19369861	19249084	50965	69812
COVID	25379301	25107253	48266	223782
Control	44789785	44418945	223407	147433
Control	19297873	19260907	4280	32686
Control	37047470	33686360	2764964	596146
COVID	50000001	49005776	25283	968942
Control	27613868	26888850	506079	218939
Control	21871968	21552887	143504	175577
COVID	48426879	47841464	433135	152280
Control	33076116	32705270	134970	235876
Control	24242987	24150652	9436	82899
Control	22480781	22298408	14605	167768
Control	24446367	22949614	1102584	394169
Control	57764140	54170144	1350292	2243704
Control	23536199	22971483	274144	290572
Control	25704010	23885006	1000449	818555
COVID	17654693	17326842	75113	252738
COVID	27331933	18206010	1129132	7996791
COVID	28603205	25577514	2065421	960270
COVID	23063192	18641283	2328061	2093848
Control	39415695	36627433	2107923	680339
Control	21549849	19286945	1824969	437935
COVID	11382897	10996632	111616	274649
COVID	16183687	16128269	7766	47652
Control	36016375	35739526	147853	128996
Control	60372218	58940935	163721	1267562
Control	27044418	26274886	595443	174089
COVID	46185669	45611119	206927	367623
Control	54082690	53193232	215441	674017
Control	16541608	16336990	177914	26704
COVID	29537948	28763381	498164	276403
Control	22823207	22518247	22739	282221
Control	47051652	46494897	151043	405712
Control	36920160	36701609	52387	166164
Control	22897460	22556441	62655	278364
COVID	26538865	26029031	345363	164471
Control	4249849	4190980	40120	18749
Control	19551881	19477388	26659	47834
Control	18852462	18739034	15215	98213
Control	22183490	21120975	923190	139325
Control	14477068	14428011	36551	12506
Control	32006972	29378695	2357423	270854
Control	18717732	18356180	69724	291828
Control	22098271	21988686	42831	66754
Control	26464746	25149037	656021	659688
Control	31843843	31739509	22126	82208
Control	13863062	13826500	5203	31359
Control	19768404	16823287	2560447	384670
Control	21961292	21870639	13785	76868
Control	31562134	31488225	9005	64904
Control	32183000	31895986	231534	55480
Control	92087415	88868635	417285	2801495
Control	37773956	37098626	204212	471118
COVID	10026383	9948075	48644	29664
Control	58368355	57339621	318505	710229
COVID	25241586	25124109	10082	107395
COVID	27337210	27125702	62556	148952
COVID	20103346	19832355	46553	224438
Control	13919858	13838576	24613	56669
Control	25772823	24733890	888080	150853
Control	19671243	19587848	30801	52594
COVID	8309321	7622113	327388	359820
Control	44876597	43789039	799283	288275
Control	22663096	22599134	19953	44009
COVID	41509401	34701993	2717201	4090207
Control	57143447	53793169	1445769	1904509
Control	17965263	17900060	5739	59464
Control	77701258	76109267	257856	1334135
Control	10565996	10462689	86318	16989
Control	29662419	29363485	142971	155963
Control	15237706	15153902	8835	74969
Control	39482197	39053312	48961	379924
COVID	21234086	19293984	59411	1880691
Control	31960128	31735260	120624	104244
Control	12930233	12844520	5972	79741
COVID	9359927	9208580	44715	106632
Control	17242146	17172894	9237	60015
Control	29249027	29219040	21648	8339
Control	17763881	17763195	5	681
COVID	26844147	25744117	846613	253417
Control	32413978	32238961	21739	153278
Control	21309558	21307680	39	1839
Control	27334121	25605871	1371282	356968
COVID	46331408	44431969	145075	1754364
Control	23691738	23564263	7830	119645
Control	29263708	28958661	261422	43625
Control	25447589	23306449	906221	1234919
Control	56709762	56052739	271589	385434
Control	12106653	12038139	46054	22460
Control	15343253	10784796	3974600	583857
COVID	22737062	18871692	1951378	1913992
Control	16737421	15143645	836256	757520
COVID	19204220	18961432	77193	165595
Control	25911755	25790333	60182	61240
COVID	22254511	22005807	206671	42033
Control	5891199	5666753	174333	50113
Control	24101347	24040670	50302	10375
Control	27293769	27129088	7679	157002
COVID	20327085	20268440	47780	10865
COVID	26223869	22711244	3026527	486098
Control	46441194	44888137	1182025	371032
COVID	39439450	38361404	165764	912282
Control	49371912	49114512	41045	216355
Control	20376198	20354069	16905	5224
COVID	27073230	26400362	84615	588253
COVID	19851092	19239961	157444	453687
Control	17389900	17079483	47918	262499
COVID	22892430	20963220	213465	1715745
Control	19014688	18991580	20637	2471
COVID	22998172	22666281	43126	288765
Control	43832968	43444952	97194	290822
Control	22492908	22411550	7705	73653
Control	15345761	15218797	15923	111041
Control	39442229	37523772	1338819	579638
Control	21699508	20384081	175370	1140057
COVID	50699052	49708344	717385	273323
Control	4554600	4491371	16410	46819
COVID	4568647	4463430	90232	14985
Control	30114440	30083560	25316	5564
Control	16930000	16911828	14951	3221
Control	16577830	13867448	1099086	1611296
COVID	19578601	19373944	74915	129742
Control	12265102	10762022	823700	679380
Control	39687475	35203124	4156391	327960
Control	23903533	19780424	2549343	1573766
Control	20112763	19977681	12349	122733
Control	42032866	41905025	12292	115549
COVID	20587900	7583903	10444618	2559379
Control	27394916	25614349	1184202	596365
Control	21734383	21678425	8020	47938
Control	20680646	20647643	3718	29285
Control	37061628	36300554	48258	712816
Control	35312937	29518664	5077817	716456
Control	33603152	32814199	617338	171615
Control	35183926	34967129	161397	55400
Control	49627258	49503115	23257	100886
Control	24071650	23815438	40759	215453
Control	37004910	36581417	64171	359322
Control	2630946	2580440	11781	38725
Control	37797383	35592906	1921844	282633
Control	14376118	14324766	9357	41995
Control	16127678	16078940	15303	33435
Control	29870548	29637734	12670	220144
COVID	53441903	52668030	247955	525918
COVID	7736571	7235312	216618	284641
Control	27886528	26795484	133968	957076
COVID	24621465	24049284	427979	144202
Control	74523784	73836628	370982	316174
Control	17326963	17318180	6905	1878
Control	6481943	6424885	23607	33451
COVID	50000001	48881069	10896	1108036
COVID	23312571	19048743	2301957	1961871
COVID	35749428	29639092	4797884	1312452
COVID	33785120	33326728	175820	282572
COVID	48622364	48146026	356370	119968
COVID	22579204	21038932	833478	706794
Control	35645027	33743943	1266930	634154
Control	28611754	26485088	1145322	981344
Control	19127026	18599121	175870	352035
Control	11706417	11490548	21058	194811
COVID	52598352	50994474	330219	1273659
Control	23604660	23579381	19527	5752
Control	49218558	48494466	423105	300987
Control	27872025	27758982	21296	91747
COVID	13395106	10731275	1191457	1472374
Control	22931505	22224323	288771	418411
Control	14736584	14694825	5287	36472
Control	21202121	19814889	799615	587617
Control	42847163	42432593	344003	70567
COVID	16412374	16359043	13094	40237
COVID	13182350	10737357	1261378	1183615
Control	11677404	11571905	102208	3291
Control	25450347	24011407	1297059	141881
Control	50362436	50344580	13496	4360
Control	13320967	12739437	80619	500911
Control	41935343	39568319	1551466	815558
Control	30484953	29116596	1062265	306092
Control	41208789	41012304	13970	182515
Control	15826434	15767101	23542	35791
COVID	8904367	7737104	447011	720252
Control	42865968	42440516	225641	199811
Control	16104574	16045786	5222	53566
Control	27819104	27580464	28872	209768
Control	17222774	16798241	330758	93775
Control	22058448	22058071	6	371
COVID	25384556	24872613	274288	237655
Control	19377981	18235916	535771	606294
Control	13835842	13772098	29224	34520
Control	34254057	27592090	537336	6124631
Control	76171328	74732732	766206	672390
COVID	17575823	17443893	5850	126080
Control	77284210	77270861	312	13037
Control	107775376	105332260	134083	2309033
Control	103089955	101834186	758331	497438
Control	42022945	41284985	294879	443081
Control	39806100	39612857	139783	53460
Control	28367186	28125587	72125	169474
Control	18605687	18558690	5264	41733
Control	12192110	12062288	51370	78452
Control	8891270	8891256	2	12
Control	12730140	12460775	152161	117204
Control	20826949	19670400	634874	521675
Control	26412550	26400072	10308	2170
Control	45259959	45201516	54428	4015
Control	26484985	26027543	312727	144715
Control	12374313	12321450	6808	46055
Control	18623504	16329292	2120809	173403
Control	10813166	10809492	30	3644
COVID	9629588	9430689	101115	97784
Control	27923262	27614435	200057	108770
Control	7493735	7492877	574	284
Control	16276596	16121800	121378	33418
Control	44295388	43033370	186752	1075266
Control	49624234	49580899	35059	8276
Control	43164943	42939946	45780	179217
Control	8766468	8388329	29045	349094
Control	20575863	20205077	319475	51311
Control	16682737	16468613	34709	179415
COVID	20890633	20664480	65870	160283
COVID	15190732	15110370	8816	71546
Control	31994684	31537312	338640	118732
Control	17771447	9841949	4934605	2994893
Control	13213542	12940394	16960	256188
Control	33831527	33260773	328020	242734
Control	9951297	9858131	25584	67582
Control	20312886	18934090	664658	714138
Control	59943096	55411028	3616520	915548
Control	77575522	76717345	600072	258105
Control	25387026	25110373	151590	125063
Control	20781055	20766052	11380	3623
Control	59141352	58482830	270844	387678
COVID	52704300	51551597	926459	226244
Control	15976771	15967341	1560	7870
Control	30298021	30082001	38465	177555
Control	17189798	17071389	10643	107766
Control	11135128	11074543	23689	36896
Control	28724684	27975523	97036	652125
COVID	20220420	18829572	813442	577406
Control	38479362	37957930	19053	502379
Control	22377558	22277168	30997	69393
Control	23306241	21091059	2074984	140198
Control	26597883	26528366	9421	60096
Control	23856664	23207485	79015	570164
Control	38414191	36462289	1277569	674333
COVID	35189099	34455789	204029	529281
COVID	15641481	15548391	25927	67163
Control	14371421	14370778	6	637
Control	6362804	6321941	9163	31700
COVID	20513853	20101831	324895	87127
Control	10055657	9963178	968	91511
