cohort	others	otherVirus	fungi	unclassified	bacteria	covid
Control	2955	54	4	53202	5338	0
Control	18816	2960	30776	363855	375111	0
Control	370	0	5	49550	1350	0
Control	694	232	130	107103	7553	0
Control	771	1595	6	94596	49280	2
Control	127	1	124	308	14027	0
Control	463	136636	301	19566	27934	0
Control	85	3	122	47629	1180	0
COVID	5941	464	1333	972240	433524	20
Control	1828	57	13	297609	48663	0
COVID	1596	373	17	54800	575	9183
Control	2973	85	5990	203142	126102	0
Control	2509	324	11	436842	292707	0
Control	120	42406	51	4572	2970	2
Control	245	0	116	5158	45813	0
Control	3734	67	2	32403	12081	0
COVID	1139	91	13	73095	30613	1609
Control	111	58	9	102907	420	1
Control	578	756	93	118643	89199	0
Control	2304	253	268	20633	201038	0
Control	63	1	244	799	11353	26
Control	30	1	3910	148	1800	1
Control	360	51	26	56751	22377	0
COVID	270	13859	15	205019	582	1
Control	228	67	23	167138	1418	0
Control	366	86	31	174487	6496	0
Control	239	1713	31	164053	7886	0
Control	370	4	64	47913	4095	0
COVID	1035	60	33	100272	9240	1071
COVID	1334	684	104	1379	17735	14812
Control	426	16	226	210284	11106	0
Control	2647	16822	3	65772	87369	0
Control	1143	6	0	24424	18338	0
Control	1296	96	283	424302	310142	0
COVID	34312	26984	487	21016	10819	538578
Control	586	40215	254	78524	3521	0
Control	19	1	32	150	3247	0
Control	5684	1943	8	41196	167	0
COVID	22022	2933	2	62100	420	126133
Control	326	33	620	2230	19012	3
Control	158	1	0	16648	66	0
Control	197	17	382	19357	4702	0
Control	11192	244	11336	320559	147577	0
Control	2632	86	22	45536	173	0
Control	11944	3809	189	130439	307001	0
Control	918	66442	82	55286	1660	0
Control	27	4	1	86	2625	0
Control	692	118	14	89050	43596	0
Control	1263	8	373	223890	91520	0
COVID	69	91	14	29201	6317	11
Control	254	0	261	2070	38279	0
COVID	2078	551	20	87975	7711	11601
Control	206	31	11	154439	114	0
Control	1140	223	336	45684	14795	0
Control	2914	404	113	369541	17593	0
Control	53	0	5	4034	87357	0
Control	673	7	116	47137	11792	0
Control	747	178	4	28469	1536	0
Control	2420	5	1439	12455	437224	1
Control	193	0	6	41853	10	0
Control	6279	57	62	113024	394977	0
Control	149	4	126	79772	5461	0
Control	4322	123	33	191723	1807	0
COVID	763	95	38	61429	6952	1754
Control	129	7	4	27482	14	0
Control	32	2	6	20508	441	0
Control	418	38	11	51535	1314	0
Control	5015	848	1346	315896	75970	0
COVID	4517	689	2	154178	788553	13810
Control	8111	347	9	34780	144664	0
COVID	959	42	466	496838	5476	1093
COVID	146	15	14	97035	179	162
COVID	111	115	68	160229	2651	110
Control	708	41260	23	55402	82229	1
COVID	329	12	72	141504	3896	0
COVID	3512	1053	2	1277	111403	25105
Control	535	0	4	54483	5	0
Control	1	25	1	69	329	0
Control	2350	90	1553	214038	124929	0
Control	398	12	11	175399	3891	0
Control	89	1	306	567	5854	0
Control	279	18	437	94208	10785	0
Control	12	5	121	73	1037	0
Control	0	0	1	19	144	0
Control	244	9	3	58226	50	0
Control	5099	52	20	123672	33390	0
Control	557	3	9	61083	593	0
Control	880	43	35	144700	973	0
Control	1	222	820	139	655	0
Control	1145	5	20	49302	8592	0
Control	80	0	25	249	10880	0
Control	6245	49814	81	392975	1472	0
Control	220	7490	140	134490	2678	0
Control	231	0	2	17443	8	0
Control	565	32	5	39424	10713	0
Control	119	2	754	1784	17951	0
Control	5606	33	2441	50083	64	0
Control	9293	61	28	519992	501	0
COVID	511	8	55	216732	1180	38
Control	261	1	4	25016	6972	0
COVID	480	29	10	41820	4775	47
COVID	9260	1	27	1526313	2976558	2
Control	1704	3	190	179625	268377	0
Control	70	2	88	570	4231	34
COVID	31384	154	1051	216211	33784	1
Control	935	397	4	39766	76467	1
Control	443	2	3113	452	7641	1
Control	435	14	146	58130	3301	0
Control	707	207	1	82339	51273	0
Control	24	0	6	7606	67	0
Control	212	26	3	23223	4223	0
Control	609	0	1293	65567	152	0
COVID	727	6	37	91694	927	15
Control	649	18	5	120477	14623	0
Control	2511	95	3	70362	26900	0
Control	550	1	7	39858	93	0
Control	4686	16	1178165	129957	42648	0
Control	3	104	0	98	2586	0
Control	503	146	6	24152	1397	0
Control	1978	15	1233	299983	37919	78
Control	164	0	5	100219	238	0
Control	219	5	6	44505	6126	0
Control	50	4	5	29584	743	0
COVID	855	600	1833	56385	159	3
Control	4921	31	8	60570	7701	1
COVID	819	2	21	295665	9148	4
Control	80	0	20	66370	334	0
Control	325	13	28	151186	2356	0
COVID	5565	552	1	146886	804	24789
Control	319	4002	8	62587	2685	0
Control	1598	35	1532	84495	120033	0
COVID	155306	49296	183	257321	1544	1242589
Control	91	24313	54	6879	820	0
COVID	4645	306	18	102523	2485	8900
Control	171	2365	26	68682	6612	0
COVID	7275	235	764	709381	116655	3166
Control	2422	15	25	168545	1374	0
COVID	4153	655	26	536509	261588	13314
Control	2987	162	204	298493	8691	0
Control	143	9619	8	39152	559	0
Control	65	1263	8	48520	691	0
COVID	460	9220	81	213222	5076	581
Control	136	4	16	2131	10019	0
Control	57	3	5	48256	417	0
COVID	5396	3081	407	2772	9512	59912
Control	2527	31	9	39608	106525	0
Control	2329	5044	1621	234441	166442	0
Control	27970	108	18	117668	24930	0
Control	284	22958	345	170163	502	0
Control	11019	539074	2065	205182	105842	0
Control	796	24108	95	230738	4420	0
Control	149	7243	5696	4108	1154	0
COVID	4150	199	15	66817	8916	8230
Control	213957	2552	7117	1445470	1262906	0
Control	2	37	108	314	155	0
COVID	1474	617	3	124045	2153	13620
Control	145	30	14	3127	17948	0
Control	440	6	10	27907	2060	0
Control	424	10	33	33965	1383	0
Control	2538	2	13	47752	1663	0
Control	160	2607	8	37032	44	0
Control	1687	21	24	168458	26229	0
Control	37	7	4	23375	264	0
Control	158	1	97	238	2007	21
Control	313	0	17	105166	16137	0
Control	7451	49	5	57051	300586	0
Control	841	754	577	41685	8603	0
Control	208	0	9	15591	682	0
Control	117	1	22	555	16257	0
Control	1073	12	6	71460	1933	0
Control	285	4	22	26241	261	0
Control	2541	315	101	195655	168191	0
Control	1228	62288	53	86772	549	8
COVID	8570	4748	3206	2774	2576	100103
Control	2143	26073	9746	67758	54587	0
Control	284	579	14	175471	294	0
Control	263	721	624	125865	364	0
Control	470	1	32	80665	57	0
Control	399	960	413	203087	4099	0
Control	747	3392	12	168555	1260	0
COVID	193	28	22	126857	5718	366
Control	1	26	144	73	9483	0
COVID	1995	1	2	254160	414271	10
Control	21	26	108	203	1476	9
Control	395	4979	7	242685	652	0
Control	4894	0	58	58465	3553	0
COVID	2752	10655	409	517916	1370	35
Control	3249	58	2166	67421	777	0
COVID	11592	1976	7	85381	5036	52038
Control	287	20965	803	15448	22295	0
Control	287	244	142	122050	204	0
Control	842	63	216	248047	24393	0
COVID	1208	4	2	39148	493	53
Control	1004	10	1498	6824	111502	0
Control	343	91	45	211724	2334	0
Control	39	1	77	484	4792	0
COVID	13636	8113	1825	7725	28223	164531
Control	284	0	30	67783	167	0
Control	1484	37	110	36336	21211	0
Control	5116	52	13	79496	185125	0
COVID	1599	268	155877	13606	72471	5625
Control	3932	393	7	64780	145868	0
Control	142	23	2	18704	2536	0
Control	141	10544	1	136331	423	0
Control	72	0	40	99261	616	0
COVID	18325	986	9716	4412402	248841	64
Control	6043	613	137	1409991	17170	0
Control	0	0	18	1	29	0
COVID	125	7	16	105022	148	3
Control	111	3	478	466	7143	0
Control	928	31	14	60004	44410	0
COVID	3849	253	309039	343894	69295	4178
Control	6819	421	4	43788	126	0
Control	1981	10	2	33569	560	0
Control	147	7	298	102936	1938	0
Control	262	386	4	113370	6908	0
Control	146	15973	9	55972	2261	0
COVID	19678	14126	244	12209	7258	321285
COVID	5143	2160	1011	86569	580875	52508
Control	302	6386	0	5555	1185580	0
Control	299	5	42	230353	1868	0
Control	4847	3	34	65240	42	0
Control	1724	277	34	102929	59712	0
Control	352	3	7	39587	895	0
COVID	13544	3669	672	520168	85359	2
Control	65	533	43	100997	247	0
Control	67	0	14	163514	564	2
Control	289	138391	2	108903	953	0
COVID	258394	27611	92	441586	36263	1721038
Control	526	5	106	59527	54159	1
Control	224	2	0	43477	6656	0
Control	12831	632	22326	190265	76100	0
Control	11	1	140	288	2356	0
Control	124	0	28	106763	2940	0
Control	3680	94	1800	295981	135325	0
Control	84	159	455	1070	8050	0
Control	0	1	135	15	50	0
Control	79	191	725	29800	236	0
Control	50	2	8	66911	761	0
Control	5951	112	1161	155806	47429	0
Control	822	1211	5	44447	13	0
COVID	72	1	8	96360	730	1
Control	301	29	29	119781	10011	0
COVID	5632	146	4	201170	226	3409
Control	7413	4406	920163	469354	139689	0
COVID	113	1	16	67275	1513	9
Control	63	0	194	350	6216	0
COVID	4569	1997	268	921	4371	41824
Control	671	4	4	24903	1427	0
Control	787	142	5	51692	9551	0
Control	73	4	365	1003	8190	0
Control	162	1	14	140019	2197	0
Control	81	134	7	116490	128	0
Control	510	55633	1	160388	366	14
Control	107	1	3	18430	59	0
Control	554	421	5	144188	2402	0
Control	403	2807	5	59564	650	0
Control	977	349911	3	121076	647	0
Control	773	4	24	65693	8399	0
Control	249	12	151	118594	2260	0
Control	8795	84	2	95999	645	0
Control	42	12	2	32399	91	0
COVID	18840	8662	8199	115481	918	183177
Control	145	0	1	6948	41	0
Control	134	0	166	338	3473	0
Control	713	176	390	66029	36825	0
Control	728	0	7	18164	14	0
Control	2920	16	62	34951	868	0
COVID	265	40	12	46571	1067	845
Control	113	4	10	53957	190	0
Control	1600	2	225809	11838	6530	1
COVID	11592	19852	10	4929	715	127135
Control	3900	6	24	138726	83693	0
Control	1391	191	192	41505	971	0
Control	95	6	5	47777	2393	1
COVID	776	107	54	177784	14581	2827
Control	262	92620	10	144302	1331	0
COVID	1564	650	69	4294	27531	14282
Control	1241	18203	3813	389397	1561	0
Control	3163	242	2833	362381	62183	0
Control	197	0	6	31910	596	0
COVID	421	31	688	1996	11641	771
Control	20	19	54	22270	137	1
Control	1439	145	35	352318	34083	0
Control	6768	3348	73	9214	690158	14
Control	47786	12824	3649	452442	450636	0
Control	3721	1365	33	628094	20265	0
COVID	7098	151	956	491868	126269	27
COVID	135	8	7	469	14200	122
Control	306	19	1323	2136	29564	0
Control	763	0	66	66955	48964	0
Control	115	11726	390	8149	2705	0
Control	130	0	6	143227	2437	0
COVID	4601	62	127	233430	96496	732
Control	373	343	10	110043	7842	0
COVID	4031	65379	24	24434	7236	59547
COVID	518	219	763	538	5192	5263
Control	2181	142	327	123393	19677	1
COVID	927	111	18286	72500	33134	88
Control	2	1	43	11	90	0
COVID	2292	1515	25	122014	4334	31525
COVID	1647	11	460	118465	59437	2
COVID	60344	16035	37	271959	3543	396820
Control	530	6	2468	234895	4240	0
Control	1450	5	2	27087	1167	0
Control	3427	572	7	14986	929	0
COVID	2691	5927	33	33476	861312	8378
Control	61	447	49	980	10971	0
Control	4302	283	20336	222503	123355	0
Control	5657	82	26	233623	427	3
COVID	861	44	4	192169	21905	780
Control	32	17928	1	23685	123	0
Control	157	10	5	115846	241	11
Control	375	9206	348	10284	295880	0
Control	819	2	8	49377	5173	0
Control	2123	0	3	36792	133	0
COVID	313	10	9	222679	2827	2
Control	214	1	2	50424	988	0
Control	56	0	4	77764	316	0
Control	508	20	106	28764	54	0
COVID	351	8	67	189131	5797	98
Control	173	20	249	68915	1643	0
Control	144	8	111	96148	1916	1
Control	57	0	330	389	3963	0
Control	2257	11	8	39699	396	0
Control	916	24	22	119974	6796	0
Control	386	57	66	37421	50274	0
COVID	3320	33	149	317734	48272	687
Control	798	11743	62	195841	4982	0
Control	2244	180	53	258634	92340	0
Control	589	5	3	21960	272	0
Control	5268	11	2	186176	259	0
Control	1207	477	581	106670	5462	0
COVID	502	6	1411	72817	1625	56
Control	2928	70	1102	285969	110443	0
COVID	502	149	8	95451	1038	2704
Control	25	1022	200	2416	46627	0
Control	649	0	94	54959	1347	0
Control	3807	184	15	109313	388538	0
Control	2659	9215	2877	432338	65587	2
Control	2808	12	15	89320	103	0
Control	821	5854	114	413055	1864	0
Control	140	6	18	43707	3612	0
Control	71	19	265	421	8661	28
Control	561	29	110	81026	2492	0
Control	40	1826	32	1230	2677	0
Control	69	79	4	35208	1582	0
Control	87	869	39	76544	193	0
Control	1167	69	26	60161	772	0
Control	1411	10	6	40663	44674	0
COVID	2629	1495	97	670	2992	32328
COVID	134	3	44	98774	1617	17
COVID	2029	256	29	109762	109175	1145
Control	13985	33	97	254010	289725	0
Control	622	10	4	68575	161	0
Control	583	54	329	331239	990	0
Control	2056	20	380	47634	192	0
Control	235	45	9	178641	1020	0
Control	2401	178	294	92923	607	0
Control	348	7	101	237175	80	0
Control	1883	54	317	150810	64983	0
Control	4798	180	116	618154	196747	0
Control	156	2313	7	96133	2321	0
Control	54	3	155	497	4690	0
Control	926	10	5	37013	21292	0
Control	4172	757	575	84543	9220	0
Control	4332	30	206	1265170	589918	0
Control	392	1	7	52331	1231	0
Control	8319	15	287	301377	5216	0
Control	131	0	929	1278	8006	0
Control	2507	1444	4429	213066	175850	0
COVID	110	39	133	409	5045	995
Control	2178	73	10	143339	504	0
Control	4817	3	1	22907	1604	0
Control	208	1	2	40177	1029	0
Control	162	3147	18	137377	456	0
Control	477	115	246	59149	2073	0
Control	164	30	44	152882	3189	2
Control	6	0	129	32	184	0
Control	185	3703	4	115787	1044	0
Control	6254	144	2544	332997	208349	0
Control	1321	3318	812	18387	392184	0
Control	563	3	151	76283	104902	0
Control	433	3	2	44737	2389	0
Control	309	1	4	41353	1662	0
Control	3255	546	421	115009	1316	0
COVID	9917	2338	95	315010	72688	61410
Control	530	1374	80	123831	27791	0
Control	405	76282	6	170575	5946	0
Control	307	791469	14	304453	609	0
Control	1462	3	13	122268	1462	0
Control	17	3	51	113	2935	17
COVID	51	17	5	78937	555	22
Control	129	13	4	13943	2213	0
Control	132	406	1	102436	61	0
Control	3958	171	17	39564	65066	0
Control	221	22	92	18095	5761	0
Control	165	0	1	38215	11	0
Control	1720	13	1674	1589	40869	0
Control	11	6	0	909	32919	0
Control	254	476	771	24150	179	0
COVID	3194	210	37	279801	75119	4755
Control	89	4	3	49289	2796	0
COVID	2107	404	11	185616	3422	8526
Control	2634	237	1	48982	150	0
COVID	11969	2884	11	113881	1524	72345
Control	178	46	115	3847	31231	2
Control	385	278757	19	164841	1405	0
Control	1815	18	16	87361	17137	0
COVID	755	60	15	97767	6824	1644
Control	443	831	104	47072	16389	0
COVID	37693	920	48	829785	3137118	1
Control	410	512	4	22664	241	0
Control	145	2793	30	39491	666	0
Control	6554	198	18	479455	74275	0
COVID	59460	3407	8191	3513347	1240108	329
Control	1	1	2	45	944	0
Control	288	1	33	159289	32	0
Control	608	23	72	94786	1944	0
COVID	3019	32	3	170106	529	29
Control	710	2	25	47935	80	0
Control	346	5	8	56939	6642	0
Control	2256	9	3582	35279	320836	0
Control	15104	4166	1189	405500	205969	0
COVID	2736	18	19	78960	231	26
Control	530	2	5	70211	113	0
COVID	1554	61	19	158446	34369	1121
Control	1777	14	81	127761	67005	0
Control	56	2	20	35169	4257	0
Control	3503	539	30	132635	9687	0
Control	228	49	10	44533	280	0
Control	1082	2	16	269498	6280	0
Control	781	5	462	74875	31136	0
COVID	35119	30873	668037	312431	16597	701620
COVID	5584	164	5	106788	8906	12
Control	1420	220628	4	276933	1439	1
Control	1267	12	40	89439	13761	0
Control	4117	1	2	68623	949	0
COVID	183907	29447	3568	1238910	50358	1496402
Control	421	1945	5	177496	6216	0
Control	750	22	3284	5543	56021	0
Control	174	1	23	138978	523	0
Control	914	4	10	63351	114832	0
COVID	6436	76	7	137395	268921	396
Control	1356	223630	2	344094	4679	0
Control	219	13	111	23204	3324	0
Control	329	506	132	130427	482	0
Control	1398	636	25	231388	39408	0
Control	2957	4	0	52811	23	0
Control	214	1	2	54035	100	0
COVID	393	47	6	49300	104	1006
Control	239	0	0	9870	3485	0
Control	80	0	440	269	6297	0
Control	114	83756	21	8365	653	0
Control	638	9	3	58450	22868	0
Control	662	13620	9	198764	4498	0
Control	179	40	1488	35476	56	0
Control	437	1122	125	226908	8647	0
Control	709	3	1	21122	41162	0
Control	1494	938	189	118157	2655	0
Control	1488	19	49	106336	51819	0
COVID	1628	91	14	215925	1198	7575
Control	434	11369	7	59543	1154	0
COVID	319964	53649	15	206562	4157	1109278
Control	350	219	65	25987	76	0
Control	4023	41	10	93968	773	0
COVID	4027	341	506	675449	22099	5013
Control	111	1	8	104470	334	0
Control	282	402	707	37992	2654	0
Control	195	0	2	17960	1097	0
Control	117	14	11	46171	863	0
Control	498	1425	20232	277338	45333	0
Control	4371	172	12	102836	137704	0
Control	27	0	2	73	3147	0
Control	154	31	3	107092	4	0
Control	869	5200	14	116263	6053	0
Control	5996	12	97930	3900	188302	0
Control	236	3	522	6707	48034	0
COVID	192	100	3	131829	223	2252
Control	35	0	88	242	2010	1
Control	204	140	72	92577	1778	0
Control	776	1	56	19560	188207	22
Control	1383	17245	272	229670	7970	0
Control	280	1	7	68153	85	0
COVID	3444	492	17	283648	8616	12712
COVID	402	81	59	208379	9458	1904
Control	2073	195	2	148481	2292	0
COVID	1510	825	65	661	6868	19613
Control	620	10	61	80072	84	0
Control	1478	2220	4251	137298	56224	0
Control	496	27	473	31739	408	0
Control	1000	31862	9	90192	28641	0
COVID	9959	12	16	344284	207259	4
Control	13611	63	14	302385	197873	0
Control	0	0	0	5	39	0
COVID	20530	3243	56	491001	162969	57706
Control	30	1	0	8329	139	0
COVID	2497	123	67	32225	89391	1556
COVID	499193	263326	113	1520928	1126	5313042
Control	103	6746	26	15508	6042	0
Control	1363	21	251	89571	72013	0
Control	56	4	626	584	5727	1
COVID	807	778	30	502899	4110	206
COVID	353	422	61	460	1878	1861
Control	361	0	13	55056	1145	0
Control	609	13	42375	11780	66712	56
Control	441	3	3	161111	4013	0
Control	65	1787	518	4659	89722	0
Control	51	115	18	120	975	0
Control	377	22	12	95146	2253	0
Control	483	0	10	64421	14	0
Control	567	525	360	130719	14053	0
Control	749	726	11	44605	5810	0
COVID	33161	9740	2	251488	260118	206979
Control	5147	733910	651	288919	3133	0
Control	1827	7960	17	59159	5915	0
Control	82	0	253	313	3331	0
Control	2500	3	37	100000	13938	0
Control	2186	84	395	126895	14487	0
Control	38	1	6	8707	48	0
Control	510	0	14	124980	108	0
Control	1081	10	49	120372	1018	0
COVID	160374	98060	52	676561	207	2104649
COVID	7025	361	138	433827	4459	1080
Control	1366	3	1	86397	156	0
Control	523	6	2	27541	12543	0
Control	4870	9939	1293416	195234	7707	0
Control	257	1	7	37181	144	0
Control	626	3	12	95119	1578	0
Control	10627	210	79	350533	7919	0
COVID	46197	25006	3708	580510	106607	102753
Control	2725	25	3	27881	7348	0
Control	15895	77	3	353709	1103807	0
Control	712	2	27	63192	931	0
Control	3152	341	449	63803	40118	0
Control	1539	189	248	70726	1635	0
Control	636	3	23	57413	1442	0
Control	39739	149	959	232632	124039	5
Control	883	10	11	65699	9676	0
Control	1485	183581	85	167782	2756	0
COVID	3664	48	8	319646	10492	1
Control	1022	8	1	12762	270	0
Control	2839	9	5	39616	1898	0
Control	81	10	11	43375	638	0
COVID	683	1432	62	193289	18129	539
Control	9379	571	19	149228	268405	0
COVID	140	55	370	831	7805	1443
Control	5065	16	19	39207	1105	0
Control	438	7	20	22676	390	0
Control	3925	20	101	237582	137052	0
Control	42	0	57	155	3005	0
Control	921	784	11158	135502	16995	0
Control	180	0	1653	936	10076	0
Control	2159	118	245	150497	41108	0
COVID	1574	8	3	19561	45584	2
Control	546	76	152	196075	23516	0
Control	127	3083	208	3167	11712	0
Control	3852	68	99	155902	124468	0
COVID	32766	7707	20	680221	3574	228986
Control	1287	0	8	52810	119	0
Control	385	4	46	4422	41815	0
Control	95	215	679	599	9574	0
Control	659	419	1153	237452	11814	0
COVID	881	393	42	194876	5589	5625
Control	196	505	3	32495	57	0
Control	212	1	228	1137	10168	0
Control	612	2	6	35410	145	0
Control	0	4	347	2	18	0
Control	19903	3764436	13	1606653	3608	1
Control	3107	3	2	52927	7936	0
Control	604	299983	2	45965	2523	0
Control	1934	44	2566	113321	77985	0
Control	1196	12	2	31377	36	0
Control	475	1099	888	30226	3853	0
Control	4667	302	65	194570	46716	0
Control	767	4	92	60580	17813	0
COVID	174751	40065	42	236992	2822	803549
Control	62	0	217	86370	156	0
COVID	2627	185	397	263622	146640	3983
COVID	9368	5515	423	4652	24994	120875
Control	760	1	6	40423	13230	0
Control	695	773	9	124757	14200	0
Control	3797	459	33	56780	86661	0
COVID	247	102395	7	219972	303	9
Control	60	0	2	40920	736	0
Control	171	0	19	177248	20140	0
Control	4	9	33	79	33748	0
COVID	3287	1900	282	1111	3176	41759
COVID	1216	18	294	184011	75360	4
Control	106	18	676	468	7609	0
COVID	604	117	162	306303	12042	33
Control	650	5	81	45619	1137	0
COVID	111	3	2	70662	316	11
COVID	642	52	25	232548	1114	2399
Control	161	3297	5	113857	584	0
Control	133	0	505	116583	2172	0
Control	24858	33	2226	529079	374916	0
Control	1409	24343	529	43110	5910	0
Control	221	0	4	41429	190	0
COVID	1904	1593	215	767	3730	37899
Control	158	290	5	25033	6250	0
Control	817	164	248	59559	39401	0
Control	1117	83	1671	75296	83389	0
Control	108	25835	686	48103	6931	0
Control	567	3	6	51348	154	0
Control	2234	2	18	321465	197822	0
Control	67	2	116	315	5686	0
Control	2273	10	12	38273	118451	0
Control	83	0	2	22087	236	0
Control	130	26	186	151627	836	0
Control	2154	83	217	224954	130597	0
Control	14	2	13	132	1740	0
COVID	9942	2329	29	549384	23889	55072
COVID	128	29	7	313646	866	12
COVID	6198	4216	975	2135	4263	88977
Control	298	0	7	58407	91	0
COVID	1562	102	49	17055	255349	2149
Control	25	2	34	113	1016	0
Control	558	68	436	1889	36426	0
COVID	40471	25114	8	184904	24101	478943
COVID	275	19	160	413447	4853	23
Control	172	3	14	19986	38	0
Control	692	1	7	30484	695	0
Control	146	361	2	24356	1880	0
COVID	36	5	33	101	2245	133
Control	10948	319	3234	332013	63941	0
COVID	7671	765	485	674539	657747	1348
Control	55	17	88	122	3742	0
Control	378	31	15	80869	901	0
COVID	758	27	5540	60253	355	600
Control	57	58	244	423	3975	0
COVID	9113	4151	29	3221	53144	86804
Control	36	0	10	44611	220	0
Control	202	3	6	43890	1434	0
Control	187	25	32	216476	2767	0
Control	7161	267	90	61683	195575	0
Control	11699	4	5690	36728	330873	0
COVID	10672	1135	49	176086	9283	6
Control	650	422	303	76168	1781	0
Control	3203	389	99	129133	18934	0
Control	4799	212	8	168999	180831	0
Control	1837	33	7	55713	768	0
COVID	856	184	24	133363	12447	28
COVID	1281	7	152	525621	1902	65
COVID	1760	267	28	153542	753	4257
Control	25864	4180	4343	743232	514739	0
Control	781	2	62	28798	177	0
COVID	21	0	139	69	633	10
COVID	10123	4038	266	123809	5223	84785
COVID	183354	213709	7	530230	1518	886891
Control	750	1	3	68078	480	0
COVID	108	20	9	103473	850	340
COVID	11158	3057	503	88471	40419	77759
Control	822	46	221	54749	41402	0
Control	98	41	4	117248	831	5
Control	820	18	52	6446	96307	0
COVID	42856	10348	93	219749	1609	248670
Control	741	289	19	166096	2287	0
Control	1248	362069	56	111813	79014	0
Control	240	23	24	26997	1062	0
Control	179	370	10	101388	186	0
Control	2673	0	16	42726	334	0
Control	69	1	53	659	35997	0
Control	1279	0	4	35149	726	0
Control	3	6	230	23	419	0
Control	695	6	3109	31881	1195	0
Control	50	7	3999	277	2195	74
Control	2475	228	733	891883	618335	0
COVID	68248	34141	44	1125449	502658	628422
Control	1546	0	9	23469	57392	0
COVID	997	242	97318	101684	863	3181
Control	304	12	50	56601	1906	0
Control	2	1	0	82	199	0
Control	204	21	6	615	34638	0
Control	481	5	7	83335	22407	0
Control	743	26	156	72769	13414	0
Control	350	5	6	52399	163	0
Control	1414	197768	40	79974	3021	0
Control	28	23	4	20392	164	0
Control	1876	22	6	31130	5127	0
COVID	16883	823	438	193132	12969	15933
Control	3	0	7	32	292	0
Control	190	24	4	27829	1052	0
Control	158	1	3	34206	6501	0
Control	847	882	75	239946	10925	0
COVID	349	15	25	345364	1210	105
Control	358	14	399	162203	33578	0
Control	506	1	269	39641	418	0
Control	269	104	35	137162	2267	0
Control	4885	46	6	37311	177681	0
Control	957	122	613	486304	113	0
Control	373	15	22	2073	52067	50
Control	13862	3	23	40707	564	0
Control	277	2	0	35412	13685	0
COVID	85	1	59	136553	22534	10
COVID	820	4	782	554222	283	11
Control	25	59	14	145	2028	0
Control	1851	7	21	61730	122134	0
Control	3301	6	4802	4664	201280	12
Control	320	2	451	154322	9374	2
Control	11018	941	316	195490	39076	0
Control	572	101	313	42379	29494	0
Control	1271	3414	31	80526	26879	0
Control	223	553	1052	72313	3413	0
Control	925	762298	2421	77992	31807	0
Control	305	0	17	35960	570	0
Control	2897	183	3136	1073299	779466	0
Control	355	32	1335	128906	301	0
Control	816	48778	93	208178	2616	0
Control	1098	41	183	35127	264415	0
COVID	526	13477	34	54801	1744	2990
Control	1122	1	6	82348	2036	0
Control	1100	1	2	26178	78	0
Control	6	0	0	38	21899	0
Control	2808	17	9	138843	1072	0
Control	276	18490	51	142422	6428	0
Control	10739	1914615	25	776762	774	1
Control	721	3	272	224997	17073	0
Control	8500	13	57	260515	3544	18
COVID	13488	510	163	170815	281358	10
COVID	155	133	40	490	2705	899
Control	775	1184	11	100763	42176	0
Control	5001	101	29	671180	828	0
COVID	3127	208	936	75289	85	9715
Control	1236	174	3483	2407	12191	0
Control	34	0	26	26726	433	0
Control	729	0	309	129617	30	0
Control	58	10	137	288	2720	103
COVID	152	103470	8	65572	389	642
Control	4113	19	5	111831	260	0
Control	1970	5	1	37545	205	0
Control	56	2	7	33241	752	0
Control	78	334	2	37612	69	0
Control	1077	203	173	182663	1184	0
Control	313	17	112	93226	4675	0
COVID	472	54	479	148085	62557	6
Control	340	0	6	33497	324	0
Control	216	1	4	33673	725	0
Control	80	3	19	84796	867	0
COVID	265	18	356	8008	61399	535
COVID	6526	16	5	99620	53406	326
Control	0	0	0	23	194	0
COVID	1383	804	59	232	916	17453
Control	340	3	5	85724	39	0
Control	1041	97	39	173948	92215	0
COVID	10672	2744	51067	83808	441	67434
Control	381	2324	27	139813	12395	0
Control	126	3	1096	92995	495	2
Control	2835	3	16	84715	80371	0
Control	47	1	4	133532	140	0
Control	2706	108	101	84221	7582	0
Control	258	20200	411	15206	5630	3
Control	0	0	5	12	82	0
COVID	2170	100	74	759802	1047	2634
Control	1524	1	132	257986	59792	0
Control	2334	12512	16	133144	51905	0
Control	3244	1053	10	5953	129949	1
Control	52	1	45	237	6175	0
Control	4619	554	17	66096	801	0
Control	631	1	14	64997	453	0
Control	1569	4	15	56675	64006	0
Control	24	0	8	40	1910	0
Control	160	51	14	14148	2416	0
Control	1401	3	5	93569	36919	0
Control	276	3	14	95969	467	0
Control	46	28800	1	43567	46	1
Control	467	2	1	28879	1642	0
Control	208	6	13	5433	30634	0
Control	740	52852	27	393366	1434	0
Control	3597	47	26	96718	24589	0
COVID	65645	38870	65	38962	1350	826902
Control	3139	42	4	50479	379	0
Control	132	3426	118	113791	384	1
Control	1076	15763	399	112525	44800	0
Control	202	19345	3	95780	42	0
Control	505	7	47	120434	45929	0
Control	149	1	6	121629	2199	0
Control	142	9	59	74377	5080	0
Control	235	1987	360	192924	6750	0
Control	638	31273	18	102147	805	1
Control	234	37	192	12234	8838	0
Control	3206	0	25	67627	8738	0
Control	20819	2655325	14232	4370401	34891	2
Control	45	2	0	1482	129447	0
Control	2658	40996	1185803	557852	6914	0
Control	1075	582	7	26932	135	0
Control	1062	530	2702	160016	3584	0
Control	360	4	1427	168593	6102	3
COVID	68	7	6	43174	297	146
Control	1783	51	9	363661	250221	0
Control	49	1	185	533	3553	2
Control	769	2	114921	3058	8727	0
Control	988	17057	1072	31983	151159	0
Control	1869	189	6	80008	114603	0
Control	3770	139	1116	1387576	492752	0
COVID	729	324	399	789	7353	7474
Control	764	1	21	70678	351	0
Control	2851085	9953	2046	3154663	261791	0
Control	118	41	733	93404	1239	0
Control	219	45	57	120256	885	0
Control	82580	24	369	215763	62822	0
Control	1441	38	197	111153	118574	0
Control	2834	91	2755	199777	209510	1
Control	185	7562	11	113443	143	0
Control	1147	524020	21	170051	2089	0
Control	529	658283	7	132490	781	0
Control	447	1120	55	92346	17738	0
Control	65	1	35	45837	1451	0
Control	2025	8	165	216800	1881	0
Control	452	85	18	25449	1074	0
Control	3998	71	33	48413	303	0
Control	939	48	78	17947	2993	0
Control	18985	41	7760	692647	467083	0
Control	25	7	24458	3595	56857	0
Control	866	2937	429	201248	5999	0
Control	1193	21	458	203974	14389	0
COVID	188	2	11	119432	235	95
Control	381	38	1099	224391	4907	0
Control	395	5	8	100994	62793	0
Control	4582	2	2	27477	215	0
Control	703	37	356	36429	32724	0
Control	2267	120	95	280811	80261	0
COVID	2335	1830	0	129826	83	44473
COVID	1039	14	45	244994	72672	510
Control	330	0	2	28929	11	0
Control	2538	56	141	74614	46180	0
Control	92	6	280	376	5439	0
Control	150	4	20	64360	3311	0
Control	2	0	19	44	655	0
Control	8735	1343	25	610939	123818	0
Control	9115	3	18	104965	8140	0
Control	407	0	2	21718	156	0
Control	446	48	2	15778	16685	0
Control	670	75	521	6555	78792	13
Control	4734	2707	9	24797	1107543	0
COVID	1625	216	8	39025	42548	1
Control	1746	104	265	179480	244797	0
COVID	9768	1671	17	72970	54	73637
Control	1065	2	1140	32818	10641	0
Control	20603	195	56	727781	731495	0
Control	40	1	5	32865	55	0
COVID	22781	35763	673	245841	404	115137
COVID	594	248	490	4647	37484	6617
Control	1611	273162	24	121222	55407	0
Control	109	9	39	101085	1683	0
Control	821	6304	156	186617	18964	0
Control	200	376	2539	6833	53560	1
Control	84	6	92	33689	4198	0
Control	911	0	14	149655	105	0
Control	4013	292	0	132847	157	0
Control	1672	357	151	44273	99687	0
Control	463	1	4	132908	49626	0
Control	105	16438	26	92985	242	0
Control	1958	66	764	171520	183412	0
COVID	15646	10676	8	163287	6692	232873
Control	536	2983	17	99367	2813	0
COVID	101	1	6	84656	363	3
Control	367	7454	6	299424	2697	0
Control	1482	135	115	192094	94302	0
Control	353	3	1093	81968	253	0
Control	2928	31	0	78069	649	0
Control	178	48536	1347	4313	11920	2
Control	662	10	74	78106	2509	1
Control	617	0	1	13452	35	0
COVID	879	417	24	156	1276	9895
COVID	42976	3464	18	130490	697	74861
COVID	3650	843	7	224389	1409	21749
Control	4401	1214	132	518168	12423	0
Control	96	2048	15	31816	246	0
COVID	1838	904	18	2879	27371	20955
COVID	1309	11	2	19694	2561	30
Control	184	345	264	13562	10617	0
COVID	214	5	1	22165	333	24
Control	127	39120	7	64819	112	0
Control	503	3455	4	157735	9669	0
Control	3771	140	82	36657	116085	0
COVID	1874	87	178	149352	10892	312
Control	6846	1367	180	118344	37164	0
Control	770	15	833	208674	187	0
Control	103	20	15	33600	7336	0
Control	147	15307	745	9250	2774	0
Control	82	2	21	80498	439	0
Control	3637	87	328	82445	78465	0
COVID	120	1	10	116530	458	15
Control	1895	30	572	58770	60830	0
Control	1018	4	13	209441	1257	0
Control	256	7	277	22976	13462	0
Control	1	0	0	4	6	0
COVID	3883	316	29	65653	3890	22636
Control	698	12	698	20288	164911	0
Control	52	2	18	46215	2707	0
Control	97	13	1067	479	10249	0
Control	13313	1	22	144126	541	0
Control	2138	49	17	87972	1988	0
Control	276	76	22	234809	2984	0
Control	761	1	18	68568	753	0
Control	1976	1	3	45153	948	1
COVID	318818	59630	151	536831	25915	1213263
Control	1344	2	4	35681	29888	0
COVID	11630	8697	79	9232	17981	177191
Control	47	1	0	2932	328	0
Control	348	1	4	50098	97	0
Control	106	0	9	143844	178	0
Control	194	2	6	12952	63	0
COVID	6432	62	20	286558	310	1376
Control	554	4	237	31945	12187	0
COVID	115	6	12	106520	963	101
Control	300	31	223	72866	3744	0
Control	4631	44	4	145468	23527	1
Control	3373	63	275	32807	238654	0
Control	349	2	410	39294	165	0
Control	510	9	52	114704	47326	0
COVID	113	0	2823	148127	220	5
COVID	831905	212617	12	1255054	33791	5387557
COVID	75211	38332	232	38029	476	731164
Control	616	55	20	52494	16655	0
Control	69	27	29	84071	2298	0
Control	176	0	490	1319	13260	21
Control	402	73532	27	24847	480	26
Control	235	27	5	156092	9887	12
Control	96	1	50	140461	328	1
Control	11	0	95	95	1292	0
Control	620	4	8	63338	341	0
Control	1743	8	488	17655	124756	4
COVID	11042	5698	5029	7272	48810	125630
Control	1316	13	33	70944	20386	0
Control	197	141	223	96088	2900	0
Control	3007	122	48	316342	3014	0
Control	1886	10	5741	42467	105	0
Control	0	4	150	657	5070	0
Control	433	2	105	48096	2220	0
Control	20	20	28	80	589	0
Control	65	56	6	109676	424	0
COVID	1353	24	66	19903	237623	11
Control	314	1	5	49617	53	0
Control	35	205	33	252	3501	0
Control	1378	239	351	90619	14933	0
Control	75	4	10	43845	990	0
Control	107	3	72	2221	10236	0
Control	93	40616	15	5760	4916	0
COVID	369	174	20099	215	1357	3324
Control	4721	244	460	1717675	512581	0
Control	422	4	158	46793	144	0
Control	1	0	2	197	3447	0
Control	187	13594	3	122579	286	0
Control	1274	10464	46	133445	14733	0
COVID	220415	38952	129	1011417	6125	1555956
Control	42	2	4	8374	222	0
COVID	62883	15477	20	575445	14213	601085
Control	293	3	4366	90211	24351	0
Control	517	1392	1	45481	4111	0
COVID	14517	1678	21	427842	1756	72798
Control	3	0	18	3	25	0
Control	191	12220	1416	142247	426	0
Control	434	110	5	212380	5390	0
COVID	60439	50211	174	48121	1138	950161
Control	1241	29	6	46751	141	0
Control	382	862	7	218421	72	0
Control	1	7	0	348	3288	0
Control	157	0	168	917	13225	0
COVID	677	28	87	59912	5857	2
Control	726	1	0	45529	678	0
Control	0	0	0	0	6	0
Control	3074	1279	25	531239	25137	0
Control	1385	187	15	350430	330567	0
COVID	414	54962	10	159419	11054	110
Control	491	22	76	69865	16586	0
Control	673	213	263	18210	20633	0
Control	1196	5435	5	187265	443369	0
Control	202	29	17	61506	464	3
Control	81	6	16	94008	634	0
Control	3771	121	3	94300	68151	1
Control	2123	9	8	103665	8144	0
Control	521	54925	10	150496	248	0
Control	168	7219	74	145759	1907	0
Control	610	23	174	382893	182	0
COVID	270	13	13	110725	13853	365
Control	150	2	27	82470	2968	1
Control	967	115	16	43910	3501	0
COVID	134	5	161	66887	524	19
COVID	4257	35	1455	1831	13842	445
Control	234	2	966	724	7497	0
Control	208	4	66	6205	43608	0
Control	746	2	14	148075	45008	0
Control	2015	44	2460	297455	87676	0
Control	608	316557	6	217483	2079	0
Control	22	2	4	26148	390	0
COVID	285	18	1	53799	51	463
Control	4172	34	10227	73288	171812	0
Control	611	402	46	123643	13590	0
Control	649	1142	51	754564	217	0
Control	945	2	4	53145	903	0
Control	594	0	12	57114	1972	0
Control	2412	11531	1537	361341	45152	0
Control	258	1	98	25645	2088	15
Control	257	65	5	34994	899	0
COVID	633	17	130	27503	1068	8
Control	22	0	18	403	2749	0
COVID	4191	23	20	215383	4369	1
Control	985	433668	2579	63945	1173	0
COVID	560	1047	33	192567	642	1921
Control	1278	4	15	204484	77148	0
Control	863	2	9	237327	565	0
Control	393	3	18	147468	9612	5
COVID	10884	731	258	363431	26109	404
Control	1142	47000	7	157254	30064	0
Control	244	21826	68	90198	1458	0
Control	492	1138	6	67623	14702	0
Control	1782	6	9	10276	2527	0
Control	162	58228	150	9733	11605	0
Control	547	8	23	191829	11	0
Control	280	715	27	125258	4883	0
Control	38	1	14	32566	353	0
Control	970	119	19	156643	21280	7
Control	1924	105	674	207361	224817	0
Control	3981	19384	111	107709	94678	0
Control	1938	26	2	38233	263	0
Control	6	0	0	595	12004	0
Control	486	1	15	326510	76	0
Control	20690	19	38	134231	11345	0
Control	152	9732	6	32657	159	0
Control	5439	7891	154	98172	55771	0
Control	3284	24	14	202403	134152	0
Control	43	5	465	387	4292	0
Control	3064	11	259	60683	252469	0
Control	364	8	51	2489	23758	0
COVID	13592	2517	20	166248	11069	53558
COVID	1159	203	11	91317	63217	3495
COVID	1678	3	11	77120	2099	5
Control	6953	1131	1402	471072	87737	0
Control	121	12	182	66284	1026	0
Control	1792	458392	21	54320	250657	0
Control	124	20948	307	57884	518	0
COVID	3461	1978	2587	3712	38530	47596
Control	382	66	83	148755	2622	0
Control	1998	637	63	95314	50147	0
COVID	32	4	326	151	1333	80
Control	387	1	13	186576	192	0
COVID	239	6	26	84456	818	97
COVID	4225	5	0	37494	143	1
COVID	475	40	1677	99551	17102	12
Control	1673	23	4	40321	25465	0
Control	2385	511	354	119482	61315	0
Control	7371	1694	2452	347629	110123	2
Control	1059	60	13442	71288	16187	0
Control	276	1	4	28412	193	0
COVID	374	1512	62	7299	31636	1111
Control	0	0	0	18	242	0
Control	125	3	4	87327	59	0
Control	376	4779	48	56693	730	0
Control	489	6018	382	52794	87397	3
Control	20	4	68	121	1277	1
Control	113	7	61	125639	5392	0
Control	583	621	24	272472	139176	0
Control	32	2	26	226	1892	0
COVID	2801	137	515850	4418	656	2479
Control	123	64	0	4707	55937	0
