name	xstart	xend	ystart	yend	dp	fill
ZDH221200141R	0	4	0	1	0	grey100
ZDH221200141R	4	29866	0	1	3721	grey0
ZDH221200141R	29866	29867	0	1	0	grey100
ZDH230100321R	0	42	1.5	2.5	0	grey100
ZDH230100321R	42	29839	1.5	2.5	57	grey30
ZDH230100321R	29839	29867	1.5	2.5	0	grey100
CF231C0481-8B6AXX1LXF1-N002J019	0	38	3	4	0	grey100
CF231C0481-8B6AXX1LXF1-N002J019	38	22795	3	4	369	grey15
CF231C0481-8B6AXX1LXF1-N002J019	22795	22815	3	4	0	grey100
CF231C0481-8B6AXX1LXF1-N002J019	22815	23009	3	4	132	grey25
CF231C0481-8B6AXX1LXF1-N002J019	23009	23075	3	4	0	grey100
CF231C0481-8B6AXX1LXF1-N002J019	23075	28336	3	4	364	grey15
CF231C0481-8B6AXX1LXF1-N002J019	28336	28366	3	4	0	grey100
CF231C0481-8B6AXX1LXF1-N002J019	28366	29849	3	4	793	grey10
CF231C0481-8B6AXX1LXF1-N002J019	29849	29867	3	4	0	grey100
MDL001-Q24C23030015L-RNA-C19-20230113	0	20	4.5	5.5	0	grey100
MDL001-Q24C23030015L-RNA-C19-20230113	20	70	4.5	5.5	2	grey40
MDL001-Q24C23030015L-RNA-C19-20230113	70	74	4.5	5.5	0	grey100
MDL001-Q24C23030015L-RNA-C19-20230113	74	124	4.5	5.5	2	grey40
MDL001-Q24C23030015L-RNA-C19-20230113	124	200	4.5	5.5	0	grey100
MDL001-Q24C23030015L-RNA-C19-20230113	200	266	4.5	5.5	4	grey40
MDL001-Q24C23030015L-RNA-C19-20230113	266	277	4.5	5.5	0	grey100
MDL001-Q24C23030015L-RNA-C19-20230113	277	448	4.5	5.5	5	grey40
MDL001-Q24C23030015L-RNA-C19-20230113	448	453	4.5	5.5	0	grey100
MDL001-Q24C23030015L-RNA-C19-20230113	453	839	4.5	5.5	7	grey40
MDL001-Q24C23030015L-RNA-C19-20230113	839	841	4.5	5.5	0	grey100
MDL001-Q24C23030015L-RNA-C19-20230113	841	1082	4.5	5.5	4	grey40
MDL001-Q24C23030015L-RNA-C19-20230113	1082	1155	4.5	5.5	0	grey100
MDL001-Q24C23030015L-RNA-C19-20230113	1155	1297	4.5	5.5	3	grey40
MDL001-Q24C23030015L-RNA-C19-20230113	1297	1337	4.5	5.5	0	grey100
MDL001-Q24C23030015L-RNA-C19-20230113	1337	1387	4.5	5.5	2	grey40
MDL001-Q24C23030015L-RNA-C19-20230113	1387	1399	4.5	5.5	0	grey100
MDL001-Q24C23030015L-RNA-C19-20230113	1399	1449	4.5	5.5	2	grey40
MDL001-Q24C23030015L-RNA-C19-20230113	1449	1577	4.5	5.5	0	grey100
MDL001-Q24C23030015L-RNA-C19-20230113	1577	1627	4.5	5.5	2	grey40
MDL001-Q24C23030015L-RNA-C19-20230113	1627	1642	4.5	5.5	0	grey100
MDL001-Q24C23030015L-RNA-C19-20230113	1642	1692	4.5	5.5	2	grey40
MDL001-Q24C23030015L-RNA-C19-20230113	1692	1703	4.5	5.5	0	grey100
MDL001-Q24C23030015L-RNA-C19-20230113	1703	1789	4.5	5.5	3	grey40
MDL001-Q24C23030015L-RNA-C19-20230113	1789	1804	4.5	5.5	0	grey100
MDL001-Q24C23030015L-RNA-C19-20230113	1804	2176	4.5	5.5	5	grey40
MDL001-Q24C23030015L-RNA-C19-20230113	2176	2191	4.5	5.5	0	grey100
MDL001-Q24C23030015L-RNA-C19-20230113	2191	2284	4.5	5.5	4	grey40
MDL001-Q24C23030015L-RNA-C19-20230113	2284	2299	4.5	5.5	0	grey100
MDL001-Q24C23030015L-RNA-C19-20230113	2299	2454	4.5	5.5	5	grey40
MDL001-Q24C23030015L-RNA-C19-20230113	2454	2532	4.5	5.5	0	grey100
MDL001-Q24C23030015L-RNA-C19-20230113	2532	2863	4.5	5.5	4	grey40
MDL001-Q24C23030015L-RNA-C19-20230113	2863	2879	4.5	5.5	0	grey100
MDL001-Q24C23030015L-RNA-C19-20230113	2879	2990	4.5	5.5	3	grey40
MDL001-Q24C23030015L-RNA-C19-20230113	2990	3028	4.5	5.5	0	grey100
MDL001-Q24C23030015L-RNA-C19-20230113	3028	3176	4.5	5.5	2	grey40
MDL001-Q24C23030015L-RNA-C19-20230113	3176	3195	4.5	5.5	0	grey100
MDL001-Q24C23030015L-RNA-C19-20230113	3195	3335	4.5	5.5	4	grey40
MDL001-Q24C23030015L-RNA-C19-20230113	3335	3337	4.5	5.5	0	grey100
MDL001-Q24C23030015L-RNA-C19-20230113	3337	3503	4.5	5.5	3	grey40
MDL001-Q24C23030015L-RNA-C19-20230113	3503	3515	4.5	5.5	0	grey100
MDL001-Q24C23030015L-RNA-C19-20230113	3515	3659	4.5	5.5	5	grey40
MDL001-Q24C23030015L-RNA-C19-20230113	3659	3662	4.5	5.5	0	grey100
MDL001-Q24C23030015L-RNA-C19-20230113	3662	3740	4.5	5.5	2	grey40
MDL001-Q24C23030015L-RNA-C19-20230113	3740	3757	4.5	5.5	0	grey100
MDL001-Q24C23030015L-RNA-C19-20230113	3757	3828	4.5	5.5	2	grey40
MDL001-Q24C23030015L-RNA-C19-20230113	3828	3831	4.5	5.5	0	grey100
MDL001-Q24C23030015L-RNA-C19-20230113	3831	4061	4.5	5.5	6	grey40
MDL001-Q24C23030015L-RNA-C19-20230113	4061	4091	4.5	5.5	0	grey100
MDL001-Q24C23030015L-RNA-C19-20230113	4091	4206	4.5	5.5	3	grey40
MDL001-Q24C23030015L-RNA-C19-20230113	4206	4307	4.5	5.5	0	grey100
MDL001-Q24C23030015L-RNA-C19-20230113	4307	4357	4.5	5.5	4	grey40
MDL001-Q24C23030015L-RNA-C19-20230113	4357	4415	4.5	5.5	0	grey100
MDL001-Q24C23030015L-RNA-C19-20230113	4415	4621	4.5	5.5	6	grey40
MDL001-Q24C23030015L-RNA-C19-20230113	4621	4631	4.5	5.5	0	grey100
MDL001-Q24C23030015L-RNA-C19-20230113	4631	4758	4.5	5.5	3	grey40
MDL001-Q24C23030015L-RNA-C19-20230113	4758	4785	4.5	5.5	0	grey100
MDL001-Q24C23030015L-RNA-C19-20230113	4785	4886	4.5	5.5	3	grey40
MDL001-Q24C23030015L-RNA-C19-20230113	4886	4901	4.5	5.5	0	grey100
MDL001-Q24C23030015L-RNA-C19-20230113	4901	5050	4.5	5.5	6	grey40
MDL001-Q24C23030015L-RNA-C19-20230113	5050	5068	4.5	5.5	0	grey100
MDL001-Q24C23030015L-RNA-C19-20230113	5068	5248	4.5	5.5	4	grey40
MDL001-Q24C23030015L-RNA-C19-20230113	5248	5292	4.5	5.5	0	grey100
MDL001-Q24C23030015L-RNA-C19-20230113	5292	5960	4.5	5.5	6	grey40
MDL001-Q24C23030015L-RNA-C19-20230113	5960	5974	4.5	5.5	0	grey100
MDL001-Q24C23030015L-RNA-C19-20230113	5974	6133	4.5	5.5	5	grey40
MDL001-Q24C23030015L-RNA-C19-20230113	6133	6162	4.5	5.5	0	grey100
MDL001-Q24C23030015L-RNA-C19-20230113	6162	6325	4.5	5.5	4	grey40
MDL001-Q24C23030015L-RNA-C19-20230113	6325	6328	4.5	5.5	0	grey100
MDL001-Q24C23030015L-RNA-C19-20230113	6328	6437	4.5	5.5	7	grey40
MDL001-Q24C23030015L-RNA-C19-20230113	6437	6442	4.5	5.5	0	grey100
MDL001-Q24C23030015L-RNA-C19-20230113	6442	6518	4.5	5.5	2	grey40
MDL001-Q24C23030015L-RNA-C19-20230113	6518	6551	4.5	5.5	0	grey100
MDL001-Q24C23030015L-RNA-C19-20230113	6551	6602	4.5	5.5	3	grey40
MDL001-Q24C23030015L-RNA-C19-20230113	6602	6612	4.5	5.5	0	grey100
MDL001-Q24C23030015L-RNA-C19-20230113	6612	6810	4.5	5.5	4	grey40
MDL001-Q24C23030015L-RNA-C19-20230113	6810	6822	4.5	5.5	0	grey100
MDL001-Q24C23030015L-RNA-C19-20230113	6822	6913	4.5	5.5	6	grey40
MDL001-Q24C23030015L-RNA-C19-20230113	6913	7013	4.5	5.5	0	grey100
MDL001-Q24C23030015L-RNA-C19-20230113	7013	7063	4.5	5.5	2	grey40
MDL001-Q24C23030015L-RNA-C19-20230113	7063	7129	4.5	5.5	0	grey100
MDL001-Q24C23030015L-RNA-C19-20230113	7129	7179	4.5	5.5	2	grey40
MDL001-Q24C23030015L-RNA-C19-20230113	7179	7221	4.5	5.5	0	grey100
MDL001-Q24C23030015L-RNA-C19-20230113	7221	7271	4.5	5.5	2	grey40
MDL001-Q24C23030015L-RNA-C19-20230113	7271	7272	4.5	5.5	0	grey100
MDL001-Q24C23030015L-RNA-C19-20230113	7272	7372	4.5	5.5	3	grey40
MDL001-Q24C23030015L-RNA-C19-20230113	7372	7415	4.5	5.5	0	grey100
MDL001-Q24C23030015L-RNA-C19-20230113	7415	7700	4.5	5.5	4	grey40
MDL001-Q24C23030015L-RNA-C19-20230113	7700	7722	4.5	5.5	0	grey100
MDL001-Q24C23030015L-RNA-C19-20230113	7722	7789	4.5	5.5	5	grey40
MDL001-Q24C23030015L-RNA-C19-20230113	7789	7805	4.5	5.5	0	grey100
MDL001-Q24C23030015L-RNA-C19-20230113	7805	7855	4.5	5.5	2	grey40
MDL001-Q24C23030015L-RNA-C19-20230113	7855	7890	4.5	5.5	0	grey100
MDL001-Q24C23030015L-RNA-C19-20230113	7890	8016	4.5	5.5	7	grey40
MDL001-Q24C23030015L-RNA-C19-20230113	8016	8059	4.5	5.5	0	grey100
MDL001-Q24C23030015L-RNA-C19-20230113	8059	8358	4.5	5.5	6	grey40
MDL001-Q24C23030015L-RNA-C19-20230113	8358	8388	4.5	5.5	0	grey100
MDL001-Q24C23030015L-RNA-C19-20230113	8388	8815	4.5	5.5	4	grey40
MDL001-Q24C23030015L-RNA-C19-20230113	8815	8871	4.5	5.5	0	grey100
MDL001-Q24C23030015L-RNA-C19-20230113	8871	8985	4.5	5.5	3	grey40
MDL001-Q24C23030015L-RNA-C19-20230113	8985	9038	4.5	5.5	0	grey100
MDL001-Q24C23030015L-RNA-C19-20230113	9038	9088	4.5	5.5	2	grey40
MDL001-Q24C23030015L-RNA-C19-20230113	9088	9097	4.5	5.5	0	grey100
MDL001-Q24C23030015L-RNA-C19-20230113	9097	9244	4.5	5.5	3	grey40
MDL001-Q24C23030015L-RNA-C19-20230113	9244	9258	4.5	5.5	0	grey100
MDL001-Q24C23030015L-RNA-C19-20230113	9258	9316	4.5	5.5	3	grey40
MDL001-Q24C23030015L-RNA-C19-20230113	9316	9355	4.5	5.5	0	grey100
MDL001-Q24C23030015L-RNA-C19-20230113	9355	9405	4.5	5.5	2	grey40
MDL001-Q24C23030015L-RNA-C19-20230113	9405	9420	4.5	5.5	0	grey100
MDL001-Q24C23030015L-RNA-C19-20230113	9420	9689	4.5	5.5	2	grey40
MDL001-Q24C23030015L-RNA-C19-20230113	9689	9696	4.5	5.5	0	grey100
MDL001-Q24C23030015L-RNA-C19-20230113	9696	9927	4.5	5.5	4	grey40
MDL001-Q24C23030015L-RNA-C19-20230113	9927	9945	4.5	5.5	0	grey100
MDL001-Q24C23030015L-RNA-C19-20230113	9945	10038	4.5	5.5	2	grey40
MDL001-Q24C23030015L-RNA-C19-20230113	10038	10045	4.5	5.5	0	grey100
MDL001-Q24C23030015L-RNA-C19-20230113	10045	10404	4.5	5.5	4	grey40
MDL001-Q24C23030015L-RNA-C19-20230113	10404	10417	4.5	5.5	0	grey100
MDL001-Q24C23030015L-RNA-C19-20230113	10417	10481	4.5	5.5	6	grey40
MDL001-Q24C23030015L-RNA-C19-20230113	10481	10526	4.5	5.5	0	grey100
MDL001-Q24C23030015L-RNA-C19-20230113	10526	10657	4.5	5.5	6	grey40
MDL001-Q24C23030015L-RNA-C19-20230113	10657	10675	4.5	5.5	0	grey100
MDL001-Q24C23030015L-RNA-C19-20230113	10675	10831	4.5	5.5	4	grey40
MDL001-Q24C23030015L-RNA-C19-20230113	10831	10836	4.5	5.5	0	grey100
MDL001-Q24C23030015L-RNA-C19-20230113	10836	10918	4.5	5.5	3	grey40
MDL001-Q24C23030015L-RNA-C19-20230113	10918	10930	4.5	5.5	0	grey100
MDL001-Q24C23030015L-RNA-C19-20230113	10930	11289	4.5	5.5	4	grey40
MDL001-Q24C23030015L-RNA-C19-20230113	11289	11364	4.5	5.5	0	grey100
MDL001-Q24C23030015L-RNA-C19-20230113	11364	11636	4.5	5.5	5	grey40
MDL001-Q24C23030015L-RNA-C19-20230113	11636	11675	4.5	5.5	0	grey100
MDL001-Q24C23030015L-RNA-C19-20230113	11675	12342	4.5	5.5	5	grey40
MDL001-Q24C23030015L-RNA-C19-20230113	12342	12399	4.5	5.5	0	grey100
MDL001-Q24C23030015L-RNA-C19-20230113	12399	12871	4.5	5.5	7	grey40
MDL001-Q24C23030015L-RNA-C19-20230113	12871	12873	4.5	5.5	0	grey100
MDL001-Q24C23030015L-RNA-C19-20230113	12873	12923	4.5	5.5	2	grey40
MDL001-Q24C23030015L-RNA-C19-20230113	12923	12933	4.5	5.5	0	grey100
MDL001-Q24C23030015L-RNA-C19-20230113	12933	13025	4.5	5.5	3	grey40
MDL001-Q24C23030015L-RNA-C19-20230113	13025	13031	4.5	5.5	0	grey100
MDL001-Q24C23030015L-RNA-C19-20230113	13031	13328	4.5	5.5	4	grey40
MDL001-Q24C23030015L-RNA-C19-20230113	13328	13389	4.5	5.5	0	grey100
MDL001-Q24C23030015L-RNA-C19-20230113	13389	13586	4.5	5.5	5	grey40
MDL001-Q24C23030015L-RNA-C19-20230113	13586	13673	4.5	5.5	0	grey100
MDL001-Q24C23030015L-RNA-C19-20230113	13673	13856	4.5	5.5	6	grey40
MDL001-Q24C23030015L-RNA-C19-20230113	13856	13920	4.5	5.5	0	grey100
MDL001-Q24C23030015L-RNA-C19-20230113	13920	13979	4.5	5.5	4	grey40
MDL001-Q24C23030015L-RNA-C19-20230113	13979	14034	4.5	5.5	0	grey100
MDL001-Q24C23030015L-RNA-C19-20230113	14034	14260	4.5	5.5	5	grey40
MDL001-Q24C23030015L-RNA-C19-20230113	14260	14272	4.5	5.5	0	grey100
MDL001-Q24C23030015L-RNA-C19-20230113	14272	14334	4.5	5.5	4	grey40
MDL001-Q24C23030015L-RNA-C19-20230113	14334	14344	4.5	5.5	0	grey100
MDL001-Q24C23030015L-RNA-C19-20230113	14344	14399	4.5	5.5	3	grey40
MDL001-Q24C23030015L-RNA-C19-20230113	14399	14419	4.5	5.5	0	grey100
MDL001-Q24C23030015L-RNA-C19-20230113	14419	14883	4.5	5.5	4	grey40
MDL001-Q24C23030015L-RNA-C19-20230113	14883	14884	4.5	5.5	0	grey100
MDL001-Q24C23030015L-RNA-C19-20230113	14884	14946	4.5	5.5	4	grey40
MDL001-Q24C23030015L-RNA-C19-20230113	14946	14966	4.5	5.5	0	grey100
MDL001-Q24C23030015L-RNA-C19-20230113	14966	15158	4.5	5.5	3	grey40
MDL001-Q24C23030015L-RNA-C19-20230113	15158	15173	4.5	5.5	0	grey100
MDL001-Q24C23030015L-RNA-C19-20230113	15173	15841	4.5	5.5	6	grey40
MDL001-Q24C23030015L-RNA-C19-20230113	15841	15855	4.5	5.5	0	grey100
MDL001-Q24C23030015L-RNA-C19-20230113	15855	15933	4.5	5.5	3	grey40
MDL001-Q24C23030015L-RNA-C19-20230113	15933	15970	4.5	5.5	0	grey100
MDL001-Q24C23030015L-RNA-C19-20230113	15970	16129	4.5	5.5	4	grey40
MDL001-Q24C23030015L-RNA-C19-20230113	16129	16144	4.5	5.5	0	grey100
MDL001-Q24C23030015L-RNA-C19-20230113	16144	16198	4.5	5.5	3	grey40
MDL001-Q24C23030015L-RNA-C19-20230113	16198	16200	4.5	5.5	0	grey100
MDL001-Q24C23030015L-RNA-C19-20230113	16200	16429	4.5	5.5	4	grey40
MDL001-Q24C23030015L-RNA-C19-20230113	16429	16431	4.5	5.5	0	grey100
MDL001-Q24C23030015L-RNA-C19-20230113	16431	16976	4.5	5.5	7	grey40
MDL001-Q24C23030015L-RNA-C19-20230113	16976	17028	4.5	5.5	0	grey100
MDL001-Q24C23030015L-RNA-C19-20230113	17028	17543	4.5	5.5	6	grey40
MDL001-Q24C23030015L-RNA-C19-20230113	17543	17554	4.5	5.5	0	grey100
MDL001-Q24C23030015L-RNA-C19-20230113	17554	17916	4.5	5.5	9	grey40
MDL001-Q24C23030015L-RNA-C19-20230113	17916	17936	4.5	5.5	0	grey100
MDL001-Q24C23030015L-RNA-C19-20230113	17936	18287	4.5	5.5	3	grey40
MDL001-Q24C23030015L-RNA-C19-20230113	18287	18294	4.5	5.5	0	grey100
MDL001-Q24C23030015L-RNA-C19-20230113	18294	18374	4.5	5.5	3	grey40
MDL001-Q24C23030015L-RNA-C19-20230113	18374	18392	4.5	5.5	0	grey100
MDL001-Q24C23030015L-RNA-C19-20230113	18392	18507	4.5	5.5	3	grey40
MDL001-Q24C23030015L-RNA-C19-20230113	18507	18516	4.5	5.5	0	grey100
MDL001-Q24C23030015L-RNA-C19-20230113	18516	18759	4.5	5.5	3	grey40
MDL001-Q24C23030015L-RNA-C19-20230113	18759	18765	4.5	5.5	0	grey100
MDL001-Q24C23030015L-RNA-C19-20230113	18765	18920	4.5	5.5	3	grey40
MDL001-Q24C23030015L-RNA-C19-20230113	18920	18922	4.5	5.5	0	grey100
MDL001-Q24C23030015L-RNA-C19-20230113	18922	19113	4.5	5.5	5	grey40
MDL001-Q24C23030015L-RNA-C19-20230113	19113	19138	4.5	5.5	0	grey100
MDL001-Q24C23030015L-RNA-C19-20230113	19138	19265	4.5	5.5	3	grey40
MDL001-Q24C23030015L-RNA-C19-20230113	19265	19367	4.5	5.5	0	grey100
MDL001-Q24C23030015L-RNA-C19-20230113	19367	19649	4.5	5.5	6	grey40
MDL001-Q24C23030015L-RNA-C19-20230113	19649	19686	4.5	5.5	0	grey100
MDL001-Q24C23030015L-RNA-C19-20230113	19686	20658	4.5	5.5	5	grey40
MDL001-Q24C23030015L-RNA-C19-20230113	20658	20667	4.5	5.5	0	grey100
MDL001-Q24C23030015L-RNA-C19-20230113	20667	20813	4.5	5.5	3	grey40
MDL001-Q24C23030015L-RNA-C19-20230113	20813	20870	4.5	5.5	0	grey100
MDL001-Q24C23030015L-RNA-C19-20230113	20870	20961	4.5	5.5	5	grey40
MDL001-Q24C23030015L-RNA-C19-20230113	20961	20985	4.5	5.5	0	grey100
MDL001-Q24C23030015L-RNA-C19-20230113	20985	21040	4.5	5.5	3	grey40
MDL001-Q24C23030015L-RNA-C19-20230113	21040	21098	4.5	5.5	0	grey100
MDL001-Q24C23030015L-RNA-C19-20230113	21098	21239	4.5	5.5	3	grey40
MDL001-Q24C23030015L-RNA-C19-20230113	21239	21495	4.5	5.5	0	grey100
MDL001-Q24C23030015L-RNA-C19-20230113	21495	21697	4.5	5.5	5	grey40
MDL001-Q24C23030015L-RNA-C19-20230113	21697	21738	4.5	5.5	0	grey100
MDL001-Q24C23030015L-RNA-C19-20230113	21738	21835	4.5	5.5	3	grey40
MDL001-Q24C23030015L-RNA-C19-20230113	21835	21851	4.5	5.5	0	grey100
MDL001-Q24C23030015L-RNA-C19-20230113	21851	21945	4.5	5.5	5	grey40
MDL001-Q24C23030015L-RNA-C19-20230113	21945	21959	4.5	5.5	0	grey100
MDL001-Q24C23030015L-RNA-C19-20230113	21959	22579	4.5	5.5	6	grey40
MDL001-Q24C23030015L-RNA-C19-20230113	22579	22622	4.5	5.5	0	grey100
MDL001-Q24C23030015L-RNA-C19-20230113	22622	22757	4.5	5.5	4	grey40
MDL001-Q24C23030015L-RNA-C19-20230113	22757	22765	4.5	5.5	0	grey100
MDL001-Q24C23030015L-RNA-C19-20230113	22765	22853	4.5	5.5	4	grey40
MDL001-Q24C23030015L-RNA-C19-20230113	22853	22864	4.5	5.5	0	grey100
MDL001-Q24C23030015L-RNA-C19-20230113	22864	22943	4.5	5.5	2	grey40
MDL001-Q24C23030015L-RNA-C19-20230113	22943	22946	4.5	5.5	0	grey100
MDL001-Q24C23030015L-RNA-C19-20230113	22946	23013	4.5	5.5	4	grey40
MDL001-Q24C23030015L-RNA-C19-20230113	23013	23022	4.5	5.5	0	grey100
MDL001-Q24C23030015L-RNA-C19-20230113	23022	23082	4.5	5.5	4	grey40
MDL001-Q24C23030015L-RNA-C19-20230113	23082	23104	4.5	5.5	0	grey100
MDL001-Q24C23030015L-RNA-C19-20230113	23104	23376	4.5	5.5	4	grey40
MDL001-Q24C23030015L-RNA-C19-20230113	23376	23384	4.5	5.5	0	grey100
MDL001-Q24C23030015L-RNA-C19-20230113	23384	23657	4.5	5.5	6	grey40
MDL001-Q24C23030015L-RNA-C19-20230113	23657	23660	4.5	5.5	0	grey100
MDL001-Q24C23030015L-RNA-C19-20230113	23660	23807	4.5	5.5	5	grey40
MDL001-Q24C23030015L-RNA-C19-20230113	23807	23812	4.5	5.5	0	grey100
MDL001-Q24C23030015L-RNA-C19-20230113	23812	23939	4.5	5.5	3	grey40
MDL001-Q24C23030015L-RNA-C19-20230113	23939	23940	4.5	5.5	0	grey100
MDL001-Q24C23030015L-RNA-C19-20230113	23940	24111	4.5	5.5	4	grey40
MDL001-Q24C23030015L-RNA-C19-20230113	24111	24121	4.5	5.5	0	grey100
MDL001-Q24C23030015L-RNA-C19-20230113	24121	24219	4.5	5.5	5	grey40
MDL001-Q24C23030015L-RNA-C19-20230113	24219	24223	4.5	5.5	0	grey100
MDL001-Q24C23030015L-RNA-C19-20230113	24223	24273	4.5	5.5	2	grey40
MDL001-Q24C23030015L-RNA-C19-20230113	24273	24333	4.5	5.5	0	grey100
MDL001-Q24C23030015L-RNA-C19-20230113	24333	24422	4.5	5.5	3	grey40
MDL001-Q24C23030015L-RNA-C19-20230113	24422	24426	4.5	5.5	0	grey100
MDL001-Q24C23030015L-RNA-C19-20230113	24426	24480	4.5	5.5	3	grey40
MDL001-Q24C23030015L-RNA-C19-20230113	24480	24527	4.5	5.5	0	grey100
MDL001-Q24C23030015L-RNA-C19-20230113	24527	24630	4.5	5.5	3	grey40
MDL001-Q24C23030015L-RNA-C19-20230113	24630	24638	4.5	5.5	0	grey100
MDL001-Q24C23030015L-RNA-C19-20230113	24638	24740	4.5	5.5	2	grey40
MDL001-Q24C23030015L-RNA-C19-20230113	24740	24763	4.5	5.5	0	grey100
MDL001-Q24C23030015L-RNA-C19-20230113	24763	24960	4.5	5.5	5	grey40
MDL001-Q24C23030015L-RNA-C19-20230113	24960	25005	4.5	5.5	0	grey100
MDL001-Q24C23030015L-RNA-C19-20230113	25005	25055	4.5	5.5	2	grey40
MDL001-Q24C23030015L-RNA-C19-20230113	25055	25076	4.5	5.5	0	grey100
MDL001-Q24C23030015L-RNA-C19-20230113	25076	25323	4.5	5.5	5	grey40
MDL001-Q24C23030015L-RNA-C19-20230113	25323	25393	4.5	5.5	0	grey100
MDL001-Q24C23030015L-RNA-C19-20230113	25393	25552	4.5	5.5	5	grey40
MDL001-Q24C23030015L-RNA-C19-20230113	25552	25555	4.5	5.5	0	grey100
MDL001-Q24C23030015L-RNA-C19-20230113	25555	25973	4.5	5.5	4	grey40
MDL001-Q24C23030015L-RNA-C19-20230113	25973	25989	4.5	5.5	0	grey100
MDL001-Q24C23030015L-RNA-C19-20230113	25989	26631	4.5	5.5	6	grey40
MDL001-Q24C23030015L-RNA-C19-20230113	26631	26636	4.5	5.5	0	grey100
MDL001-Q24C23030015L-RNA-C19-20230113	26636	27033	4.5	5.5	6	grey40
MDL001-Q24C23030015L-RNA-C19-20230113	27033	27046	4.5	5.5	0	grey100
MDL001-Q24C23030015L-RNA-C19-20230113	27046	27646	4.5	5.5	8	grey40
MDL001-Q24C23030015L-RNA-C19-20230113	27646	27651	4.5	5.5	0	grey100
MDL001-Q24C23030015L-RNA-C19-20230113	27651	27758	4.5	5.5	2	grey40
MDL001-Q24C23030015L-RNA-C19-20230113	27758	27790	4.5	5.5	0	grey100
MDL001-Q24C23030015L-RNA-C19-20230113	27790	28520	4.5	5.5	6	grey40
MDL001-Q24C23030015L-RNA-C19-20230113	28520	28533	4.5	5.5	0	grey100
MDL001-Q24C23030015L-RNA-C19-20230113	28533	28811	4.5	5.5	6	grey40
MDL001-Q24C23030015L-RNA-C19-20230113	28811	29867	4.5	5.5	0	grey100
MDL001-Q24C22520006L-RNA-D11-20221223	0	22	6	7	0	grey100
MDL001-Q24C22520006L-RNA-D11-20221223	22	350	6	7	5	grey40
MDL001-Q24C22520006L-RNA-D11-20221223	350	358	6	7	0	grey100
MDL001-Q24C22520006L-RNA-D11-20221223	358	984	6	7	5	grey40
MDL001-Q24C22520006L-RNA-D11-20221223	984	1003	6	7	0	grey100
MDL001-Q24C22520006L-RNA-D11-20221223	1003	1068	6	7	3	grey40
MDL001-Q24C22520006L-RNA-D11-20221223	1068	1077	6	7	0	grey100
MDL001-Q24C22520006L-RNA-D11-20221223	1077	1127	6	7	2	grey40
MDL001-Q24C22520006L-RNA-D11-20221223	1127	1133	6	7	0	grey100
MDL001-Q24C22520006L-RNA-D11-20221223	1133	1259	6	7	3	grey40
MDL001-Q24C22520006L-RNA-D11-20221223	1259	1309	6	7	0	grey100
MDL001-Q24C22520006L-RNA-D11-20221223	1309	1423	6	7	3	grey40
MDL001-Q24C22520006L-RNA-D11-20221223	1423	1432	6	7	0	grey100
MDL001-Q24C22520006L-RNA-D11-20221223	1432	1482	6	7	2	grey40
MDL001-Q24C22520006L-RNA-D11-20221223	1482	1501	6	7	0	grey100
MDL001-Q24C22520006L-RNA-D11-20221223	1501	1701	6	7	5	grey40
MDL001-Q24C22520006L-RNA-D11-20221223	1701	1745	6	7	0	grey100
MDL001-Q24C22520006L-RNA-D11-20221223	1745	1990	6	7	4	grey40
MDL001-Q24C22520006L-RNA-D11-20221223	1990	2001	6	7	0	grey100
MDL001-Q24C22520006L-RNA-D11-20221223	2001	2051	6	7	2	grey40
MDL001-Q24C22520006L-RNA-D11-20221223	2051	2064	6	7	0	grey100
MDL001-Q24C22520006L-RNA-D11-20221223	2064	2157	6	7	6	grey40
MDL001-Q24C22520006L-RNA-D11-20221223	2157	2171	6	7	0	grey100
MDL001-Q24C22520006L-RNA-D11-20221223	2171	2295	6	7	4	grey40
MDL001-Q24C22520006L-RNA-D11-20221223	2295	2317	6	7	0	grey100
MDL001-Q24C22520006L-RNA-D11-20221223	2317	2374	6	7	5	grey40
MDL001-Q24C22520006L-RNA-D11-20221223	2374	2375	6	7	0	grey100
MDL001-Q24C22520006L-RNA-D11-20221223	2375	2609	6	7	5	grey40
MDL001-Q24C22520006L-RNA-D11-20221223	2609	2643	6	7	0	grey100
MDL001-Q24C22520006L-RNA-D11-20221223	2643	2821	6	7	4	grey40
MDL001-Q24C22520006L-RNA-D11-20221223	2821	2839	6	7	0	grey100
MDL001-Q24C22520006L-RNA-D11-20221223	2839	2940	6	7	2	grey40
MDL001-Q24C22520006L-RNA-D11-20221223	2940	2949	6	7	0	grey100
MDL001-Q24C22520006L-RNA-D11-20221223	2949	3340	6	7	4	grey40
MDL001-Q24C22520006L-RNA-D11-20221223	3340	3354	6	7	0	grey100
MDL001-Q24C22520006L-RNA-D11-20221223	3354	3528	6	7	5	grey40
MDL001-Q24C22520006L-RNA-D11-20221223	3528	3529	6	7	0	grey100
MDL001-Q24C22520006L-RNA-D11-20221223	3529	4279	6	7	6	grey40
MDL001-Q24C22520006L-RNA-D11-20221223	4279	4289	6	7	0	grey100
MDL001-Q24C22520006L-RNA-D11-20221223	4289	4342	6	7	3	grey40
MDL001-Q24C22520006L-RNA-D11-20221223	4342	4348	6	7	0	grey100
MDL001-Q24C22520006L-RNA-D11-20221223	4348	4428	6	7	4	grey40
MDL001-Q24C22520006L-RNA-D11-20221223	4428	4446	6	7	0	grey100
MDL001-Q24C22520006L-RNA-D11-20221223	4446	4577	6	7	5	grey40
MDL001-Q24C22520006L-RNA-D11-20221223	4577	4579	6	7	0	grey100
MDL001-Q24C22520006L-RNA-D11-20221223	4579	4718	6	7	4	grey40
MDL001-Q24C22520006L-RNA-D11-20221223	4718	4778	6	7	0	grey100
MDL001-Q24C22520006L-RNA-D11-20221223	4778	4907	6	7	4	grey40
MDL001-Q24C22520006L-RNA-D11-20221223	4907	4942	6	7	0	grey100
MDL001-Q24C22520006L-RNA-D11-20221223	4942	5173	6	7	5	grey40
MDL001-Q24C22520006L-RNA-D11-20221223	5173	5179	6	7	0	grey100
MDL001-Q24C22520006L-RNA-D11-20221223	5179	5307	6	7	3	grey40
MDL001-Q24C22520006L-RNA-D11-20221223	5307	5309	6	7	0	grey100
MDL001-Q24C22520006L-RNA-D11-20221223	5309	5771	6	7	5	grey40
MDL001-Q24C22520006L-RNA-D11-20221223	5771	5791	6	7	0	grey100
MDL001-Q24C22520006L-RNA-D11-20221223	5791	5857	6	7	4	grey40
MDL001-Q24C22520006L-RNA-D11-20221223	5857	5866	6	7	0	grey100
MDL001-Q24C22520006L-RNA-D11-20221223	5866	6004	6	7	6	grey40
MDL001-Q24C22520006L-RNA-D11-20221223	6004	6029	6	7	0	grey100
MDL001-Q24C22520006L-RNA-D11-20221223	6029	6275	6	7	6	grey40
MDL001-Q24C22520006L-RNA-D11-20221223	6275	6277	6	7	0	grey100
MDL001-Q24C22520006L-RNA-D11-20221223	6277	6564	6	7	4	grey40
MDL001-Q24C22520006L-RNA-D11-20221223	6564	6581	6	7	0	grey100
MDL001-Q24C22520006L-RNA-D11-20221223	6581	6663	6	7	3	grey40
MDL001-Q24C22520006L-RNA-D11-20221223	6663	6688	6	7	0	grey100
MDL001-Q24C22520006L-RNA-D11-20221223	6688	6820	6	7	6	grey40
MDL001-Q24C22520006L-RNA-D11-20221223	6820	6859	6	7	0	grey100
MDL001-Q24C22520006L-RNA-D11-20221223	6859	6909	6	7	2	grey40
MDL001-Q24C22520006L-RNA-D11-20221223	6909	7126	6	7	0	grey100
MDL001-Q24C22520006L-RNA-D11-20221223	7126	7183	6	7	3	grey40
MDL001-Q24C22520006L-RNA-D11-20221223	7183	7216	6	7	0	grey100
MDL001-Q24C22520006L-RNA-D11-20221223	7216	7266	6	7	2	grey40
MDL001-Q24C22520006L-RNA-D11-20221223	7266	7269	6	7	0	grey100
MDL001-Q24C22520006L-RNA-D11-20221223	7269	7319	6	7	2	grey40
MDL001-Q24C22520006L-RNA-D11-20221223	7319	7378	6	7	0	grey100
MDL001-Q24C22520006L-RNA-D11-20221223	7378	7473	6	7	2	grey40
MDL001-Q24C22520006L-RNA-D11-20221223	7473	7507	6	7	0	grey100
MDL001-Q24C22520006L-RNA-D11-20221223	7507	7583	6	7	2	grey40
MDL001-Q24C22520006L-RNA-D11-20221223	7583	7630	6	7	0	grey100
MDL001-Q24C22520006L-RNA-D11-20221223	7630	7754	6	7	2	grey40
MDL001-Q24C22520006L-RNA-D11-20221223	7754	7819	6	7	0	grey100
MDL001-Q24C22520006L-RNA-D11-20221223	7819	7869	6	7	2	grey40
MDL001-Q24C22520006L-RNA-D11-20221223	7869	7950	6	7	0	grey100
MDL001-Q24C22520006L-RNA-D11-20221223	7950	8000	6	7	2	grey40
MDL001-Q24C22520006L-RNA-D11-20221223	8000	8011	6	7	0	grey100
MDL001-Q24C22520006L-RNA-D11-20221223	8011	8061	6	7	2	grey40
MDL001-Q24C22520006L-RNA-D11-20221223	8061	8100	6	7	0	grey100
MDL001-Q24C22520006L-RNA-D11-20221223	8100	8175	6	7	2	grey40
MDL001-Q24C22520006L-RNA-D11-20221223	8175	8184	6	7	0	grey100
MDL001-Q24C22520006L-RNA-D11-20221223	8184	8234	6	7	2	grey40
MDL001-Q24C22520006L-RNA-D11-20221223	8234	8330	6	7	0	grey100
MDL001-Q24C22520006L-RNA-D11-20221223	8330	8420	6	7	4	grey40
MDL001-Q24C22520006L-RNA-D11-20221223	8420	8549	6	7	0	grey100
MDL001-Q24C22520006L-RNA-D11-20221223	8549	8614	6	7	3	grey40
MDL001-Q24C22520006L-RNA-D11-20221223	8614	8628	6	7	0	grey100
MDL001-Q24C22520006L-RNA-D11-20221223	8628	9079	6	7	3	grey40
MDL001-Q24C22520006L-RNA-D11-20221223	9079	9097	6	7	0	grey100
MDL001-Q24C22520006L-RNA-D11-20221223	9097	9147	6	7	2	grey40
MDL001-Q24C22520006L-RNA-D11-20221223	9147	9211	6	7	0	grey100
MDL001-Q24C22520006L-RNA-D11-20221223	9211	9361	6	7	5	grey40
MDL001-Q24C22520006L-RNA-D11-20221223	9361	9421	6	7	0	grey100
MDL001-Q24C22520006L-RNA-D11-20221223	9421	9492	6	7	4	grey40
MDL001-Q24C22520006L-RNA-D11-20221223	9492	9498	6	7	0	grey100
MDL001-Q24C22520006L-RNA-D11-20221223	9498	9548	6	7	2	grey40
MDL001-Q24C22520006L-RNA-D11-20221223	9548	9561	6	7	0	grey100
MDL001-Q24C22520006L-RNA-D11-20221223	9561	9707	6	7	2	grey40
MDL001-Q24C22520006L-RNA-D11-20221223	9707	9715	6	7	0	grey100
MDL001-Q24C22520006L-RNA-D11-20221223	9715	9765	6	7	2	grey40
MDL001-Q24C22520006L-RNA-D11-20221223	9765	9767	6	7	0	grey100
MDL001-Q24C22520006L-RNA-D11-20221223	9767	9850	6	7	3	grey40
MDL001-Q24C22520006L-RNA-D11-20221223	9850	9851	6	7	0	grey100
MDL001-Q24C22520006L-RNA-D11-20221223	9851	9966	6	7	2	grey40
MDL001-Q24C22520006L-RNA-D11-20221223	9966	9987	6	7	0	grey100
MDL001-Q24C22520006L-RNA-D11-20221223	9987	10116	6	7	3	grey40
MDL001-Q24C22520006L-RNA-D11-20221223	10116	10161	6	7	0	grey100
MDL001-Q24C22520006L-RNA-D11-20221223	10161	10211	6	7	2	grey40
MDL001-Q24C22520006L-RNA-D11-20221223	10211	10237	6	7	0	grey100
MDL001-Q24C22520006L-RNA-D11-20221223	10237	10675	6	7	3	grey40
MDL001-Q24C22520006L-RNA-D11-20221223	10675	10676	6	7	0	grey100
MDL001-Q24C22520006L-RNA-D11-20221223	10676	10732	6	7	6	grey40
MDL001-Q24C22520006L-RNA-D11-20221223	10732	10735	6	7	0	grey100
MDL001-Q24C22520006L-RNA-D11-20221223	10735	10841	6	7	3	grey40
MDL001-Q24C22520006L-RNA-D11-20221223	10841	10886	6	7	0	grey100
MDL001-Q24C22520006L-RNA-D11-20221223	10886	10936	6	7	2	grey40
MDL001-Q24C22520006L-RNA-D11-20221223	10936	10950	6	7	0	grey100
MDL001-Q24C22520006L-RNA-D11-20221223	10950	11094	6	7	4	grey40
MDL001-Q24C22520006L-RNA-D11-20221223	11094	11188	6	7	0	grey100
MDL001-Q24C22520006L-RNA-D11-20221223	11188	11318	6	7	3	grey40
MDL001-Q24C22520006L-RNA-D11-20221223	11318	11338	6	7	0	grey100
MDL001-Q24C22520006L-RNA-D11-20221223	11338	11584	6	7	4	grey40
MDL001-Q24C22520006L-RNA-D11-20221223	11584	11586	6	7	0	grey100
MDL001-Q24C22520006L-RNA-D11-20221223	11586	11661	6	7	5	grey40
MDL001-Q24C22520006L-RNA-D11-20221223	11661	11735	6	7	0	grey100
MDL001-Q24C22520006L-RNA-D11-20221223	11735	11821	6	7	2	grey40
MDL001-Q24C22520006L-RNA-D11-20221223	11821	11832	6	7	0	grey100
MDL001-Q24C22520006L-RNA-D11-20221223	11832	12035	6	7	7	grey40
MDL001-Q24C22520006L-RNA-D11-20221223	12035	12054	6	7	0	grey100
MDL001-Q24C22520006L-RNA-D11-20221223	12054	12104	6	7	2	grey40
MDL001-Q24C22520006L-RNA-D11-20221223	12104	12225	6	7	0	grey100
MDL001-Q24C22520006L-RNA-D11-20221223	12225	12284	6	7	6	grey40
MDL001-Q24C22520006L-RNA-D11-20221223	12284	12360	6	7	0	grey100
MDL001-Q24C22520006L-RNA-D11-20221223	12360	12454	6	7	4	grey40
MDL001-Q24C22520006L-RNA-D11-20221223	12454	12460	6	7	0	grey100
MDL001-Q24C22520006L-RNA-D11-20221223	12460	12510	6	7	2	grey40
MDL001-Q24C22520006L-RNA-D11-20221223	12510	12530	6	7	0	grey100
MDL001-Q24C22520006L-RNA-D11-20221223	12530	12636	6	7	7	grey40
MDL001-Q24C22520006L-RNA-D11-20221223	12636	12654	6	7	0	grey100
MDL001-Q24C22520006L-RNA-D11-20221223	12654	12765	6	7	6	grey40
MDL001-Q24C22520006L-RNA-D11-20221223	12765	12788	6	7	0	grey100
MDL001-Q24C22520006L-RNA-D11-20221223	12788	13009	6	7	6	grey40
MDL001-Q24C22520006L-RNA-D11-20221223	13009	13020	6	7	0	grey100
MDL001-Q24C22520006L-RNA-D11-20221223	13020	13080	6	7	4	grey40
MDL001-Q24C22520006L-RNA-D11-20221223	13080	13127	6	7	0	grey100
MDL001-Q24C22520006L-RNA-D11-20221223	13127	13177	6	7	2	grey40
MDL001-Q24C22520006L-RNA-D11-20221223	13177	13205	6	7	0	grey100
MDL001-Q24C22520006L-RNA-D11-20221223	13205	13258	6	7	3	grey40
MDL001-Q24C22520006L-RNA-D11-20221223	13258	13338	6	7	0	grey100
MDL001-Q24C22520006L-RNA-D11-20221223	13338	13617	6	7	6	grey40
MDL001-Q24C22520006L-RNA-D11-20221223	13617	13680	6	7	0	grey100
MDL001-Q24C22520006L-RNA-D11-20221223	13680	14097	6	7	4	grey40
MDL001-Q24C22520006L-RNA-D11-20221223	14097	14111	6	7	0	grey100
MDL001-Q24C22520006L-RNA-D11-20221223	14111	14253	6	7	5	grey40
MDL001-Q24C22520006L-RNA-D11-20221223	14253	14256	6	7	0	grey100
MDL001-Q24C22520006L-RNA-D11-20221223	14256	14423	6	7	7	grey40
MDL001-Q24C22520006L-RNA-D11-20221223	14423	14438	6	7	0	grey100
MDL001-Q24C22520006L-RNA-D11-20221223	14438	14801	6	7	5	grey40
MDL001-Q24C22520006L-RNA-D11-20221223	14801	14858	6	7	0	grey100
MDL001-Q24C22520006L-RNA-D11-20221223	14858	15023	6	7	6	grey40
MDL001-Q24C22520006L-RNA-D11-20221223	15023	15046	6	7	0	grey100
MDL001-Q24C22520006L-RNA-D11-20221223	15046	15295	6	7	5	grey40
MDL001-Q24C22520006L-RNA-D11-20221223	15295	15378	6	7	0	grey100
MDL001-Q24C22520006L-RNA-D11-20221223	15378	15569	6	7	7	grey40
MDL001-Q24C22520006L-RNA-D11-20221223	15569	15623	6	7	0	grey100
MDL001-Q24C22520006L-RNA-D11-20221223	15623	15673	6	7	2	grey40
MDL001-Q24C22520006L-RNA-D11-20221223	15673	15688	6	7	0	grey100
MDL001-Q24C22520006L-RNA-D11-20221223	15688	15770	6	7	3	grey40
MDL001-Q24C22520006L-RNA-D11-20221223	15770	15807	6	7	0	grey100
MDL001-Q24C22520006L-RNA-D11-20221223	15807	15927	6	7	4	grey40
MDL001-Q24C22520006L-RNA-D11-20221223	15927	15939	6	7	0	grey100
MDL001-Q24C22520006L-RNA-D11-20221223	15939	16009	6	7	4	grey40
MDL001-Q24C22520006L-RNA-D11-20221223	16009	16038	6	7	0	grey100
MDL001-Q24C22520006L-RNA-D11-20221223	16038	16135	6	7	4	grey40
MDL001-Q24C22520006L-RNA-D11-20221223	16135	16146	6	7	0	grey100
MDL001-Q24C22520006L-RNA-D11-20221223	16146	16271	6	7	7	grey40
MDL001-Q24C22520006L-RNA-D11-20221223	16271	16284	6	7	0	grey100
MDL001-Q24C22520006L-RNA-D11-20221223	16284	16334	6	7	2	grey40
MDL001-Q24C22520006L-RNA-D11-20221223	16334	16351	6	7	0	grey100
MDL001-Q24C22520006L-RNA-D11-20221223	16351	16401	6	7	2	grey40
MDL001-Q24C22520006L-RNA-D11-20221223	16401	16407	6	7	0	grey100
MDL001-Q24C22520006L-RNA-D11-20221223	16407	16614	6	7	4	grey40
MDL001-Q24C22520006L-RNA-D11-20221223	16614	16669	6	7	0	grey100
MDL001-Q24C22520006L-RNA-D11-20221223	16669	16794	6	7	3	grey40
MDL001-Q24C22520006L-RNA-D11-20221223	16794	16802	6	7	0	grey100
MDL001-Q24C22520006L-RNA-D11-20221223	16802	16937	6	7	5	grey40
MDL001-Q24C22520006L-RNA-D11-20221223	16937	16938	6	7	0	grey100
MDL001-Q24C22520006L-RNA-D11-20221223	16938	17497	6	7	5	grey40
MDL001-Q24C22520006L-RNA-D11-20221223	17497	17511	6	7	0	grey100
MDL001-Q24C22520006L-RNA-D11-20221223	17511	17613	6	7	3	grey40
MDL001-Q24C22520006L-RNA-D11-20221223	17613	17623	6	7	0	grey100
MDL001-Q24C22520006L-RNA-D11-20221223	17623	17767	6	7	6	grey40
MDL001-Q24C22520006L-RNA-D11-20221223	17767	17776	6	7	0	grey100
MDL001-Q24C22520006L-RNA-D11-20221223	17776	18219	6	7	4	grey40
MDL001-Q24C22520006L-RNA-D11-20221223	18219	18253	6	7	0	grey100
MDL001-Q24C22520006L-RNA-D11-20221223	18253	18619	6	7	7	grey40
MDL001-Q24C22520006L-RNA-D11-20221223	18619	18623	6	7	0	grey100
MDL001-Q24C22520006L-RNA-D11-20221223	18623	18784	6	7	3	grey40
MDL001-Q24C22520006L-RNA-D11-20221223	18784	18810	6	7	0	grey100
MDL001-Q24C22520006L-RNA-D11-20221223	18810	19008	6	7	5	grey40
MDL001-Q24C22520006L-RNA-D11-20221223	19008	19011	6	7	0	grey100
MDL001-Q24C22520006L-RNA-D11-20221223	19011	19098	6	7	5	grey40
MDL001-Q24C22520006L-RNA-D11-20221223	19098	19101	6	7	0	grey100
MDL001-Q24C22520006L-RNA-D11-20221223	19101	19153	6	7	3	grey40
MDL001-Q24C22520006L-RNA-D11-20221223	19153	19179	6	7	0	grey100
MDL001-Q24C22520006L-RNA-D11-20221223	19179	19267	6	7	3	grey40
MDL001-Q24C22520006L-RNA-D11-20221223	19267	19294	6	7	0	grey100
MDL001-Q24C22520006L-RNA-D11-20221223	19294	19619	6	7	4	grey40
MDL001-Q24C22520006L-RNA-D11-20221223	19619	19639	6	7	0	grey100
MDL001-Q24C22520006L-RNA-D11-20221223	19639	20098	6	7	4	grey40
MDL001-Q24C22520006L-RNA-D11-20221223	20098	20101	6	7	0	grey100
MDL001-Q24C22520006L-RNA-D11-20221223	20101	20299	6	7	7	grey40
MDL001-Q24C22520006L-RNA-D11-20221223	20299	20301	6	7	0	grey100
MDL001-Q24C22520006L-RNA-D11-20221223	20301	20351	6	7	2	grey40
MDL001-Q24C22520006L-RNA-D11-20221223	20351	20409	6	7	0	grey100
MDL001-Q24C22520006L-RNA-D11-20221223	20409	20501	6	7	2	grey40
MDL001-Q24C22520006L-RNA-D11-20221223	20501	20534	6	7	0	grey100
MDL001-Q24C22520006L-RNA-D11-20221223	20534	20584	6	7	2	grey40
MDL001-Q24C22520006L-RNA-D11-20221223	20584	20617	6	7	0	grey100
MDL001-Q24C22520006L-RNA-D11-20221223	20617	20688	6	7	4	grey40
MDL001-Q24C22520006L-RNA-D11-20221223	20688	20760	6	7	0	grey100
MDL001-Q24C22520006L-RNA-D11-20221223	20760	20811	6	7	3	grey40
MDL001-Q24C22520006L-RNA-D11-20221223	20811	20840	6	7	0	grey100
MDL001-Q24C22520006L-RNA-D11-20221223	20840	20944	6	7	2	grey40
MDL001-Q24C22520006L-RNA-D11-20221223	20944	20990	6	7	0	grey100
MDL001-Q24C22520006L-RNA-D11-20221223	20990	21040	6	7	2	grey40
MDL001-Q24C22520006L-RNA-D11-20221223	21040	21130	6	7	0	grey100
MDL001-Q24C22520006L-RNA-D11-20221223	21130	21238	6	7	6	grey40
MDL001-Q24C22520006L-RNA-D11-20221223	21238	21256	6	7	0	grey100
MDL001-Q24C22520006L-RNA-D11-20221223	21256	21308	6	7	3	grey40
MDL001-Q24C22520006L-RNA-D11-20221223	21308	21326	6	7	0	grey100
MDL001-Q24C22520006L-RNA-D11-20221223	21326	21821	6	7	5	grey40
MDL001-Q24C22520006L-RNA-D11-20221223	21821	21883	6	7	0	grey100
MDL001-Q24C22520006L-RNA-D11-20221223	21883	21933	6	7	2	grey40
MDL001-Q24C22520006L-RNA-D11-20221223	21933	22001	6	7	0	grey100
MDL001-Q24C22520006L-RNA-D11-20221223	22001	22051	6	7	2	grey40
MDL001-Q24C22520006L-RNA-D11-20221223	22051	22076	6	7	0	grey100
MDL001-Q24C22520006L-RNA-D11-20221223	22076	22126	6	7	2	grey40
MDL001-Q24C22520006L-RNA-D11-20221223	22126	22127	6	7	0	grey100
MDL001-Q24C22520006L-RNA-D11-20221223	22127	22177	6	7	2	grey40
MDL001-Q24C22520006L-RNA-D11-20221223	22177	22244	6	7	0	grey100
MDL001-Q24C22520006L-RNA-D11-20221223	22244	22301	6	7	3	grey40
MDL001-Q24C22520006L-RNA-D11-20221223	22301	22314	6	7	0	grey100
MDL001-Q24C22520006L-RNA-D11-20221223	22314	22471	6	7	3	grey40
MDL001-Q24C22520006L-RNA-D11-20221223	22471	22473	6	7	0	grey100
MDL001-Q24C22520006L-RNA-D11-20221223	22473	22612	6	7	4	grey40
MDL001-Q24C22520006L-RNA-D11-20221223	22612	22619	6	7	0	grey100
MDL001-Q24C22520006L-RNA-D11-20221223	22619	22834	6	7	4	grey40
MDL001-Q24C22520006L-RNA-D11-20221223	22834	22883	6	7	0	grey100
MDL001-Q24C22520006L-RNA-D11-20221223	22883	23179	6	7	5	grey40
MDL001-Q24C22520006L-RNA-D11-20221223	23179	23198	6	7	0	grey100
MDL001-Q24C22520006L-RNA-D11-20221223	23198	23332	6	7	5	grey40
MDL001-Q24C22520006L-RNA-D11-20221223	23332	23335	6	7	0	grey100
MDL001-Q24C22520006L-RNA-D11-20221223	23335	23875	6	7	6	grey40
MDL001-Q24C22520006L-RNA-D11-20221223	23875	23898	6	7	0	grey100
MDL001-Q24C22520006L-RNA-D11-20221223	23898	24144	6	7	5	grey40
MDL001-Q24C22520006L-RNA-D11-20221223	24144	24151	6	7	0	grey100
MDL001-Q24C22520006L-RNA-D11-20221223	24151	24245	6	7	5	grey40
MDL001-Q24C22520006L-RNA-D11-20221223	24245	24262	6	7	0	grey100
MDL001-Q24C22520006L-RNA-D11-20221223	24262	24443	6	7	4	grey40
MDL001-Q24C22520006L-RNA-D11-20221223	24443	24446	6	7	0	grey100
MDL001-Q24C22520006L-RNA-D11-20221223	24446	24545	6	7	3	grey40
MDL001-Q24C22520006L-RNA-D11-20221223	24545	24555	6	7	0	grey100
MDL001-Q24C22520006L-RNA-D11-20221223	24555	24646	6	7	2	grey40
MDL001-Q24C22520006L-RNA-D11-20221223	24646	24671	6	7	0	grey100
MDL001-Q24C22520006L-RNA-D11-20221223	24671	24750	6	7	5	grey40
MDL001-Q24C22520006L-RNA-D11-20221223	24750	24845	6	7	0	grey100
MDL001-Q24C22520006L-RNA-D11-20221223	24845	24974	6	7	3	grey40
MDL001-Q24C22520006L-RNA-D11-20221223	24974	25037	6	7	0	grey100
MDL001-Q24C22520006L-RNA-D11-20221223	25037	25182	6	7	4	grey40
MDL001-Q24C22520006L-RNA-D11-20221223	25182	25224	6	7	0	grey100
MDL001-Q24C22520006L-RNA-D11-20221223	25224	25274	6	7	2	grey40
MDL001-Q24C22520006L-RNA-D11-20221223	25274	25292	6	7	0	grey100
MDL001-Q24C22520006L-RNA-D11-20221223	25292	25740	6	7	6	grey40
MDL001-Q24C22520006L-RNA-D11-20221223	25740	25756	6	7	0	grey100
MDL001-Q24C22520006L-RNA-D11-20221223	25756	26209	6	7	5	grey40
MDL001-Q24C22520006L-RNA-D11-20221223	26209	26214	6	7	0	grey100
MDL001-Q24C22520006L-RNA-D11-20221223	26214	26420	6	7	10	grey40
MDL001-Q24C22520006L-RNA-D11-20221223	26420	26432	6	7	0	grey100
MDL001-Q24C22520006L-RNA-D11-20221223	26432	26802	6	7	4	grey40
MDL001-Q24C22520006L-RNA-D11-20221223	26802	26815	6	7	0	grey100
MDL001-Q24C22520006L-RNA-D11-20221223	26815	27068	6	7	5	grey40
MDL001-Q24C22520006L-RNA-D11-20221223	27068	27101	6	7	0	grey100
MDL001-Q24C22520006L-RNA-D11-20221223	27101	27151	6	7	2	grey40
MDL001-Q24C22520006L-RNA-D11-20221223	27151	27180	6	7	0	grey100
MDL001-Q24C22520006L-RNA-D11-20221223	27180	27368	6	7	6	grey40
MDL001-Q24C22520006L-RNA-D11-20221223	27368	27405	6	7	0	grey100
MDL001-Q24C22520006L-RNA-D11-20221223	27405	27572	6	7	3	grey40
MDL001-Q24C22520006L-RNA-D11-20221223	27572	27574	6	7	0	grey100
MDL001-Q24C22520006L-RNA-D11-20221223	27574	28824	6	7	9	grey40
MDL001-Q24C22520006L-RNA-D11-20221223	28824	29370	6	7	0	grey100
MDL001-Q24C22520006L-RNA-D11-20221223	29370	29420	6	7	2	grey40
MDL001-Q24C22520006L-RNA-D11-20221223	29420	29722	6	7	0	grey100
MDL001-Q24C22520006L-RNA-D11-20221223	29722	29771	6	7	2	grey40
MDL001-Q24C22520006L-RNA-D11-20221223	29771	29867	6	7	0	grey100
ZDH221200131R	0	130	7.5	8.5	0	grey100
ZDH221200131R	130	206	7.5	8.5	2	grey40
ZDH221200131R	206	435	7.5	8.5	0	grey100
ZDH221200131R	435	506	7.5	8.5	2	grey40
ZDH221200131R	506	529	7.5	8.5	0	grey100
ZDH221200131R	529	605	7.5	8.5	2	grey40
ZDH221200131R	605	910	7.5	8.5	0	grey100
ZDH221200131R	910	986	7.5	8.5	2	grey40
ZDH221200131R	986	1073	7.5	8.5	0	grey100
ZDH221200131R	1073	1170	7.5	8.5	3	grey40
ZDH221200131R	1170	1237	7.5	8.5	0	grey100
ZDH221200131R	1237	1313	7.5	8.5	2	grey40
ZDH221200131R	1313	1654	7.5	8.5	0	grey100
ZDH221200131R	1654	1774	7.5	8.5	2	grey40
ZDH221200131R	1774	1799	7.5	8.5	0	grey100
ZDH221200131R	1799	1875	7.5	8.5	2	grey40
ZDH221200131R	1875	1997	7.5	8.5	0	grey100
ZDH221200131R	1997	2084	7.5	8.5	3	grey40
ZDH221200131R	2084	2099	7.5	8.5	0	grey100
ZDH221200131R	2099	2343	7.5	8.5	3	grey40
ZDH221200131R	2343	2809	7.5	8.5	0	grey100
ZDH221200131R	2809	2885	7.5	8.5	2	grey40
ZDH221200131R	2885	2981	7.5	8.5	0	grey100
ZDH221200131R	2981	3201	7.5	8.5	2	grey40
ZDH221200131R	3201	3223	7.5	8.5	0	grey100
ZDH221200131R	3223	3299	7.5	8.5	2	grey40
ZDH221200131R	3299	3365	7.5	8.5	0	grey100
ZDH221200131R	3365	3650	7.5	8.5	4	grey40
ZDH221200131R	3650	3728	7.5	8.5	0	grey100
ZDH221200131R	3728	3804	7.5	8.5	2	grey40
ZDH221200131R	3804	4093	7.5	8.5	0	grey100
ZDH221200131R	4093	4169	7.5	8.5	2	grey40
ZDH221200131R	4169	4197	7.5	8.5	0	grey100
ZDH221200131R	4197	4302	7.5	8.5	4	grey40
ZDH221200131R	4302	4313	7.5	8.5	0	grey100
ZDH221200131R	4313	4389	7.5	8.5	2	grey40
ZDH221200131R	4389	4424	7.5	8.5	0	grey100
ZDH221200131R	4424	4813	7.5	8.5	2	grey40
ZDH221200131R	4813	4814	7.5	8.5	0	grey100
ZDH221200131R	4814	4822	7.5	8.5	2	grey40
ZDH221200131R	4822	4857	7.5	8.5	0	grey100
ZDH221200131R	4857	5168	7.5	8.5	2	grey40
ZDH221200131R	5168	5175	7.5	8.5	0	grey100
ZDH221200131R	5175	5250	7.5	8.5	2	grey40
ZDH221200131R	5250	5347	7.5	8.5	0	grey100
ZDH221200131R	5347	5527	7.5	8.5	5	grey40
ZDH221200131R	5527	5607	7.5	8.5	0	grey100
ZDH221200131R	5607	5683	7.5	8.5	2	grey40
ZDH221200131R	5683	5785	7.5	8.5	0	grey100
ZDH221200131R	5785	5861	7.5	8.5	2	grey40
ZDH221200131R	5861	6001	7.5	8.5	0	grey100
ZDH221200131R	6001	6077	7.5	8.5	2	grey40
ZDH221200131R	6077	6247	7.5	8.5	0	grey100
ZDH221200131R	6247	6322	7.5	8.5	2	grey40
ZDH221200131R	6322	6366	7.5	8.5	0	grey100
ZDH221200131R	6366	6442	7.5	8.5	2	grey40
ZDH221200131R	6442	6505	7.5	8.5	0	grey100
ZDH221200131R	6505	6722	7.5	8.5	4	grey40
ZDH221200131R	6722	7078	7.5	8.5	0	grey100
ZDH221200131R	7078	7154	7.5	8.5	2	grey40
ZDH221200131R	7154	7224	7.5	8.5	0	grey100
ZDH221200131R	7224	7300	7.5	8.5	2	grey40
ZDH221200131R	7300	7304	7.5	8.5	0	grey100
ZDH221200131R	7304	7380	7.5	8.5	2	grey40
ZDH221200131R	7380	7420	7.5	8.5	0	grey100
ZDH221200131R	7420	7496	7.5	8.5	2	grey40
ZDH221200131R	7496	7509	7.5	8.5	0	grey100
ZDH221200131R	7509	7585	7.5	8.5	2	grey40
ZDH221200131R	7585	7586	7.5	8.5	0	grey100
ZDH221200131R	7586	7662	7.5	8.5	3	grey40
ZDH221200131R	7662	7758	7.5	8.5	0	grey100
ZDH221200131R	7758	7961	7.5	8.5	2	grey40
ZDH221200131R	7961	7989	7.5	8.5	0	grey100
ZDH221200131R	7989	8077	7.5	8.5	3	grey40
ZDH221200131R	8077	8106	7.5	8.5	0	grey100
ZDH221200131R	8106	8263	7.5	8.5	5	grey40
ZDH221200131R	8263	8354	7.5	8.5	0	grey100
ZDH221200131R	8354	8430	7.5	8.5	2	grey40
ZDH221200131R	8430	8674	7.5	8.5	0	grey100
ZDH221200131R	8674	8753	7.5	8.5	3	grey40
ZDH221200131R	8753	9111	7.5	8.5	0	grey100
ZDH221200131R	9111	9187	7.5	8.5	2	grey40
ZDH221200131R	9187	9263	7.5	8.5	0	grey100
ZDH221200131R	9263	9339	7.5	8.5	2	grey40
ZDH221200131R	9339	9452	7.5	8.5	0	grey100
ZDH221200131R	9452	9528	7.5	8.5	2	grey40
ZDH221200131R	9528	9687	7.5	8.5	0	grey100
ZDH221200131R	9687	9763	7.5	8.5	2	grey40
ZDH221200131R	9763	9886	7.5	8.5	0	grey100
ZDH221200131R	9886	9983	7.5	8.5	3	grey40
ZDH221200131R	9983	10393	7.5	8.5	0	grey100
ZDH221200131R	10393	10548	7.5	8.5	3	grey40
ZDH221200131R	10548	10564	7.5	8.5	0	grey100
ZDH221200131R	10564	10676	7.5	8.5	2	grey40
ZDH221200131R	10676	10813	7.5	8.5	0	grey100
ZDH221200131R	10813	10889	7.5	8.5	2	grey40
ZDH221200131R	10889	10909	7.5	8.5	0	grey100
ZDH221200131R	10909	11006	7.5	8.5	3	grey40
ZDH221200131R	11006	11125	7.5	8.5	0	grey100
ZDH221200131R	11125	11199	7.5	8.5	2	grey40
ZDH221200131R	11199	11289	7.5	8.5	0	grey100
ZDH221200131R	11289	11399	7.5	8.5	4	grey40
ZDH221200131R	11399	11465	7.5	8.5	0	grey100
ZDH221200131R	11465	11541	7.5	8.5	2	grey40
ZDH221200131R	11541	11624	7.5	8.5	0	grey100
ZDH221200131R	11624	11847	7.5	8.5	3	grey40
ZDH221200131R	11847	11848	7.5	8.5	0	grey100
ZDH221200131R	11848	11924	7.5	8.5	2	grey40
ZDH221200131R	11924	11992	7.5	8.5	0	grey100
ZDH221200131R	11992	12068	7.5	8.5	2	grey40
ZDH221200131R	12068	12078	7.5	8.5	0	grey100
ZDH221200131R	12078	12159	7.5	8.5	3	grey40
ZDH221200131R	12159	12170	7.5	8.5	0	grey100
ZDH221200131R	12170	12368	7.5	8.5	6	grey40
ZDH221200131R	12368	12432	7.5	8.5	0	grey100
ZDH221200131R	12432	12508	7.5	8.5	2	grey40
ZDH221200131R	12508	12843	7.5	8.5	0	grey100
ZDH221200131R	12843	12975	7.5	8.5	2	grey40
ZDH221200131R	12975	12988	7.5	8.5	0	grey100
ZDH221200131R	12988	13075	7.5	8.5	3	grey40
ZDH221200131R	13075	13097	7.5	8.5	0	grey100
ZDH221200131R	13097	13173	7.5	8.5	2	grey40
ZDH221200131R	13173	13472	7.5	8.5	0	grey100
ZDH221200131R	13472	13548	7.5	8.5	2	grey40
ZDH221200131R	13548	13807	7.5	8.5	0	grey100
ZDH221200131R	13807	14224	7.5	8.5	4	grey40
ZDH221200131R	14224	14282	7.5	8.5	0	grey100
ZDH221200131R	14282	14369	7.5	8.5	3	grey40
ZDH221200131R	14369	14454	7.5	8.5	0	grey100
ZDH221200131R	14454	14677	7.5	8.5	3	grey40
ZDH221200131R	14677	14973	7.5	8.5	0	grey100
ZDH221200131R	14973	15150	7.5	8.5	4	grey40
ZDH221200131R	15150	15383	7.5	8.5	0	grey100
ZDH221200131R	15383	15617	7.5	8.5	2	grey40
ZDH221200131R	15617	15787	7.5	8.5	0	grey100
ZDH221200131R	15787	15863	7.5	8.5	2	grey40
ZDH221200131R	15863	15881	7.5	8.5	0	grey100
ZDH221200131R	15881	15957	7.5	8.5	2	grey40
ZDH221200131R	15957	16015	7.5	8.5	0	grey100
ZDH221200131R	16015	16193	7.5	8.5	3	grey40
ZDH221200131R	16193	16289	7.5	8.5	0	grey100
ZDH221200131R	16289	16365	7.5	8.5	2	grey40
ZDH221200131R	16365	16425	7.5	8.5	0	grey100
ZDH221200131R	16425	16682	7.5	8.5	3	grey40
ZDH221200131R	16682	16693	7.5	8.5	0	grey100
ZDH221200131R	16693	16778	7.5	8.5	3	grey40
ZDH221200131R	16778	16946	7.5	8.5	0	grey100
ZDH221200131R	16946	17022	7.5	8.5	2	grey40
ZDH221200131R	17022	17025	7.5	8.5	0	grey100
ZDH221200131R	17025	17144	7.5	8.5	21	grey30
ZDH221200131R	17144	17202	7.5	8.5	0	grey100
ZDH221200131R	17202	17529	7.5	8.5	3	grey40
ZDH221200131R	17529	17542	7.5	8.5	0	grey100
ZDH221200131R	17542	17743	7.5	8.5	3	grey40
ZDH221200131R	17743	17759	7.5	8.5	0	grey100
ZDH221200131R	17759	17909	7.5	8.5	4	grey40
ZDH221200131R	17909	17916	7.5	8.5	0	grey100
ZDH221200131R	17916	17992	7.5	8.5	2	grey40
ZDH221200131R	17992	18069	7.5	8.5	0	grey100
ZDH221200131R	18069	18187	7.5	8.5	2	grey40
ZDH221200131R	18187	18358	7.5	8.5	0	grey100
ZDH221200131R	18358	18434	7.5	8.5	2	grey40
ZDH221200131R	18434	18469	7.5	8.5	0	grey100
ZDH221200131R	18469	18545	7.5	8.5	2	grey40
ZDH221200131R	18545	18549	7.5	8.5	0	grey100
ZDH221200131R	18549	18625	7.5	8.5	2	grey40
ZDH221200131R	18625	18688	7.5	8.5	0	grey100
ZDH221200131R	18688	18764	7.5	8.5	2	grey40
ZDH221200131R	18764	18793	7.5	8.5	0	grey100
ZDH221200131R	18793	18869	7.5	8.5	2	grey40
ZDH221200131R	18869	18875	7.5	8.5	0	grey100
ZDH221200131R	18875	19029	7.5	8.5	2	grey40
ZDH221200131R	19029	19378	7.5	8.5	0	grey100
ZDH221200131R	19378	19454	7.5	8.5	2	grey40
ZDH221200131R	19454	19456	7.5	8.5	0	grey100
ZDH221200131R	19456	19606	7.5	8.5	2	grey40
ZDH221200131R	19606	19612	7.5	8.5	0	grey100
ZDH221200131R	19612	19688	7.5	8.5	2	grey40
ZDH221200131R	19688	19703	7.5	8.5	0	grey100
ZDH221200131R	19703	19769	7.5	8.5	2	grey40
ZDH221200131R	19769	19797	7.5	8.5	0	grey100
ZDH221200131R	19797	20018	7.5	8.5	4	grey40
ZDH221200131R	20018	20024	7.5	8.5	0	grey100
ZDH221200131R	20024	20100	7.5	8.5	2	grey40
ZDH221200131R	20100	20318	7.5	8.5	0	grey100
ZDH221200131R	20318	20463	7.5	8.5	2	grey40
ZDH221200131R	20463	20545	7.5	8.5	0	grey100
ZDH221200131R	20545	20621	7.5	8.5	2	grey40
ZDH221200131R	20621	20717	7.5	8.5	0	grey100
ZDH221200131R	20717	20793	7.5	8.5	2	grey40
ZDH221200131R	20793	20875	7.5	8.5	0	grey100
ZDH221200131R	20875	20951	7.5	8.5	2	grey40
ZDH221200131R	20951	20959	7.5	8.5	0	grey100
ZDH221200131R	20959	21035	7.5	8.5	2	grey40
ZDH221200131R	21035	21148	7.5	8.5	0	grey100
ZDH221200131R	21148	21267	7.5	8.5	2	grey40
ZDH221200131R	21267	21270	7.5	8.5	0	grey100
ZDH221200131R	21270	21353	7.5	8.5	3	grey40
ZDH221200131R	21353	21404	7.5	8.5	0	grey100
ZDH221200131R	21404	21499	7.5	8.5	3	grey40
ZDH221200131R	21499	21591	7.5	8.5	0	grey100
ZDH221200131R	21591	21667	7.5	8.5	2	grey40
ZDH221200131R	21667	21741	7.5	8.5	0	grey100
ZDH221200131R	21741	21872	7.5	8.5	2	grey40
ZDH221200131R	21872	21952	7.5	8.5	0	grey100
ZDH221200131R	21952	22028	7.5	8.5	2	grey40
ZDH221200131R	22028	22032	7.5	8.5	0	grey100
ZDH221200131R	22032	22108	7.5	8.5	2	grey40
ZDH221200131R	22108	22198	7.5	8.5	0	grey100
ZDH221200131R	22198	22276	7.5	8.5	3	grey40
ZDH221200131R	22276	22386	7.5	8.5	0	grey100
ZDH221200131R	22386	22642	7.5	8.5	2	grey40
ZDH221200131R	22642	22828	7.5	8.5	0	grey100
ZDH221200131R	22828	22904	7.5	8.5	2	grey40
ZDH221200131R	22904	22962	7.5	8.5	0	grey100
ZDH221200131R	22962	23866	7.5	8.5	5	grey40
ZDH221200131R	23866	24079	7.5	8.5	0	grey100
ZDH221200131R	24079	24360	7.5	8.5	3	grey40
ZDH221200131R	24360	24373	7.5	8.5	0	grey100
ZDH221200131R	24373	24449	7.5	8.5	2	grey40
ZDH221200131R	24449	24591	7.5	8.5	0	grey100
ZDH221200131R	24591	24667	7.5	8.5	2	grey40
ZDH221200131R	24667	24792	7.5	8.5	0	grey100
ZDH221200131R	24792	24868	7.5	8.5	2	grey40
ZDH221200131R	24868	24887	7.5	8.5	0	grey100
ZDH221200131R	24887	25056	7.5	8.5	2	grey40
ZDH221200131R	25056	25321	7.5	8.5	0	grey100
ZDH221200131R	25321	25402	7.5	8.5	3	grey40
ZDH221200131R	25402	25641	7.5	8.5	0	grey100
ZDH221200131R	25641	25717	7.5	8.5	2	grey40
ZDH221200131R	25717	25768	7.5	8.5	0	grey100
ZDH221200131R	25768	25849	7.5	8.5	3	grey40
ZDH221200131R	25849	25870	7.5	8.5	0	grey100
ZDH221200131R	25870	25988	7.5	8.5	2	grey40
ZDH221200131R	25988	26101	7.5	8.5	0	grey100
ZDH221200131R	26101	26459	7.5	8.5	4	grey40
ZDH221200131R	26459	26539	7.5	8.5	0	grey100
ZDH221200131R	26539	26682	7.5	8.5	3	grey40
ZDH221200131R	26682	26763	7.5	8.5	0	grey100
ZDH221200131R	26763	27255	7.5	8.5	6	grey40
ZDH221200131R	27255	27395	7.5	8.5	0	grey100
ZDH221200131R	27395	27497	7.5	8.5	2	grey40
ZDH221200131R	27497	27522	7.5	8.5	0	grey100
ZDH221200131R	27522	27656	7.5	8.5	2	grey40
ZDH221200131R	27656	27661	7.5	8.5	0	grey100
ZDH221200131R	27661	27737	7.5	8.5	2	grey40
ZDH221200131R	27737	27760	7.5	8.5	0	grey100
ZDH221200131R	27760	27837	7.5	8.5	3	grey40
ZDH221200131R	27837	27875	7.5	8.5	0	grey100
ZDH221200131R	27875	28166	7.5	8.5	4	grey40
ZDH221200131R	28166	28196	7.5	8.5	0	grey100
ZDH221200131R	28196	29841	7.5	8.5	11	grey30
ZDH221200131R	29841	29867	7.5	8.5	0	grey100
ZDH221200431R	0	272	9	10	0	grey100
ZDH221200431R	272	348	9	10	2	grey40
ZDH221200431R	348	471	9	10	0	grey100
ZDH221200431R	471	547	9	10	2	grey40
ZDH221200431R	547	633	9	10	0	grey100
ZDH221200431R	633	709	9	10	2	grey40
ZDH221200431R	709	789	9	10	0	grey100
ZDH221200431R	789	928	9	10	5	grey40
ZDH221200431R	928	1047	9	10	0	grey100
ZDH221200431R	1047	1123	9	10	2	grey40
ZDH221200431R	1123	1143	9	10	0	grey100
ZDH221200431R	1143	1341	9	10	3	grey40
ZDH221200431R	1341	1393	9	10	0	grey100
ZDH221200431R	1393	1467	9	10	2	grey40
ZDH221200431R	1467	1830	9	10	0	grey100
ZDH221200431R	1830	1922	9	10	3	grey40
ZDH221200431R	1922	2233	9	10	0	grey100
ZDH221200431R	2233	2329	9	10	3	grey40
ZDH221200431R	2329	2381	9	10	0	grey100
ZDH221200431R	2381	2457	9	10	2	grey40
ZDH221200431R	2457	2483	9	10	0	grey100
ZDH221200431R	2483	2559	9	10	2	grey40
ZDH221200431R	2559	2643	9	10	0	grey100
ZDH221200431R	2643	2762	9	10	2	grey40
ZDH221200431R	2762	2796	9	10	0	grey100
ZDH221200431R	2796	2901	9	10	2	grey40
ZDH221200431R	2901	2927	9	10	0	grey100
ZDH221200431R	2927	3016	9	10	3	grey40
ZDH221200431R	3016	3283	9	10	0	grey100
ZDH221200431R	3283	3665	9	10	4	grey40
ZDH221200431R	3665	3672	9	10	0	grey100
ZDH221200431R	3672	3780	9	10	2	grey40
ZDH221200431R	3780	3814	9	10	0	grey100
ZDH221200431R	3814	3890	9	10	2	grey40
ZDH221200431R	3890	3936	9	10	0	grey100
ZDH221200431R	3936	4012	9	10	2	grey40
ZDH221200431R	4012	4040	9	10	0	grey100
ZDH221200431R	4040	4242	9	10	4	grey40
ZDH221200431R	4242	4269	9	10	0	grey100
ZDH221200431R	4269	4345	9	10	2	grey40
ZDH221200431R	4345	4371	9	10	0	grey100
ZDH221200431R	4371	4447	9	10	2	grey40
ZDH221200431R	4447	4510	9	10	0	grey100
ZDH221200431R	4510	4586	9	10	2	grey40
ZDH221200431R	4586	4632	9	10	0	grey100
ZDH221200431R	4632	4857	9	10	3	grey40
ZDH221200431R	4857	4901	9	10	0	grey100
ZDH221200431R	4901	5078	9	10	5	grey40
ZDH221200431R	5078	5112	9	10	0	grey100
ZDH221200431R	5112	5188	9	10	2	grey40
ZDH221200431R	5188	5279	9	10	0	grey100
ZDH221200431R	5279	5470	9	10	3	grey40
ZDH221200431R	5470	5491	9	10	0	grey100
ZDH221200431R	5491	5710	9	10	4	grey40
ZDH221200431R	5710	6085	9	10	0	grey100
ZDH221200431R	6085	6161	9	10	2	grey40
ZDH221200431R	6161	6196	9	10	0	grey100
ZDH221200431R	6196	6284	9	10	5	grey40
ZDH221200431R	6284	6451	9	10	0	grey100
ZDH221200431R	6451	6527	9	10	2	grey40
ZDH221200431R	6527	6651	9	10	0	grey100
ZDH221200431R	6651	6803	9	10	2	grey40
ZDH221200431R	6803	6958	9	10	0	grey100
ZDH221200431R	6958	7034	9	10	2	grey40
ZDH221200431R	7034	7094	9	10	0	grey100
ZDH221200431R	7094	7170	9	10	2	grey40
ZDH221200431R	7170	7248	9	10	0	grey100
ZDH221200431R	7248	7362	9	10	2	grey40
ZDH221200431R	7362	7366	9	10	0	grey100
ZDH221200431R	7366	7609	9	10	3	grey40
ZDH221200431R	7609	7689	9	10	0	grey100
ZDH221200431R	7689	7861	9	10	2	grey40
ZDH221200431R	7861	7918	9	10	0	grey100
ZDH221200431R	7918	7994	9	10	2	grey40
ZDH221200431R	7994	8271	9	10	0	grey100
ZDH221200431R	8271	8347	9	10	2	grey40
ZDH221200431R	8347	8448	9	10	0	grey100
ZDH221200431R	8448	8538	9	10	3	grey40
ZDH221200431R	8538	8550	9	10	0	grey100
ZDH221200431R	8550	8626	9	10	2	grey40
ZDH221200431R	8626	8667	9	10	0	grey100
ZDH221200431R	8667	8794	9	10	2	grey40
ZDH221200431R	8794	8924	9	10	0	grey100
ZDH221200431R	8924	9000	9	10	2	grey40
ZDH221200431R	9000	9050	9	10	0	grey100
ZDH221200431R	9050	9126	9	10	2	grey40
ZDH221200431R	9126	9284	9	10	0	grey100
ZDH221200431R	9284	9385	9	10	4	grey40
ZDH221200431R	9385	9481	9	10	0	grey100
ZDH221200431R	9481	9726	9	10	5	grey40
ZDH221200431R	9726	9783	9	10	0	grey100
ZDH221200431R	9783	9954	9	10	7	grey40
ZDH221200431R	9954	10067	9	10	0	grey100
ZDH221200431R	10067	10204	9	10	2	grey40
ZDH221200431R	10204	10320	9	10	0	grey100
ZDH221200431R	10320	10469	9	10	2	grey40
ZDH221200431R	10469	10479	9	10	0	grey100
ZDH221200431R	10479	10594	9	10	3	grey40
ZDH221200431R	10594	10730	9	10	0	grey100
ZDH221200431R	10730	10806	9	10	2	grey40
ZDH221200431R	10806	10905	9	10	0	grey100
ZDH221200431R	10905	10976	9	10	2	grey40
ZDH221200431R	10976	11257	9	10	0	grey100
ZDH221200431R	11257	11412	9	10	2	grey40
ZDH221200431R	11412	11466	9	10	0	grey100
ZDH221200431R	11466	11542	9	10	2	grey40
ZDH221200431R	11542	11550	9	10	0	grey100
ZDH221200431R	11550	11755	9	10	2	grey40
ZDH221200431R	11755	11898	9	10	0	grey100
ZDH221200431R	11898	12031	9	10	3	grey40
ZDH221200431R	12031	12038	9	10	0	grey100
ZDH221200431R	12038	12114	9	10	2	grey40
ZDH221200431R	12114	12172	9	10	0	grey100
ZDH221200431R	12172	12468	9	10	3	grey40
ZDH221200431R	12468	12566	9	10	0	grey100
ZDH221200431R	12566	12811	9	10	4	grey40
ZDH221200431R	12811	12836	9	10	0	grey100
ZDH221200431R	12836	12984	9	10	3	grey40
ZDH221200431R	12984	13132	9	10	0	grey100
ZDH221200431R	13132	13208	9	10	2	grey40
ZDH221200431R	13208	13348	9	10	0	grey100
ZDH221200431R	13348	13424	9	10	2	grey40
ZDH221200431R	13424	13428	9	10	0	grey100
ZDH221200431R	13428	13504	9	10	2	grey40
ZDH221200431R	13504	13513	9	10	0	grey100
ZDH221200431R	13513	13589	9	10	2	grey40
ZDH221200431R	13589	13602	9	10	0	grey100
ZDH221200431R	13602	13692	9	10	5	grey40
ZDH221200431R	13692	13812	9	10	0	grey100
ZDH221200431R	13812	13888	9	10	2	grey40
ZDH221200431R	13888	13957	9	10	0	grey100
ZDH221200431R	13957	14048	9	10	3	grey40
ZDH221200431R	14048	14352	9	10	0	grey100
ZDH221200431R	14352	14516	9	10	3	grey40
ZDH221200431R	14516	14721	9	10	0	grey100
ZDH221200431R	14721	14797	9	10	2	grey40
ZDH221200431R	14797	14871	9	10	0	grey100
ZDH221200431R	14871	14947	9	10	2	grey40
ZDH221200431R	14947	15087	9	10	0	grey100
ZDH221200431R	15087	15163	9	10	2	grey40
ZDH221200431R	15163	15238	9	10	0	grey100
ZDH221200431R	15238	15314	9	10	2	grey40
ZDH221200431R	15314	15341	9	10	0	grey100
ZDH221200431R	15341	15417	9	10	2	grey40
ZDH221200431R	15417	15464	9	10	0	grey100
ZDH221200431R	15464	15594	9	10	2	grey40
ZDH221200431R	15594	15774	9	10	0	grey100
ZDH221200431R	15774	16034	9	10	4	grey40
ZDH221200431R	16034	16048	9	10	0	grey100
ZDH221200431R	16048	16165	9	10	2	grey40
ZDH221200431R	16165	16177	9	10	0	grey100
ZDH221200431R	16177	16253	9	10	2	grey40
ZDH221200431R	16253	16265	9	10	0	grey100
ZDH221200431R	16265	16341	9	10	2	grey40
ZDH221200431R	16341	16426	9	10	0	grey100
ZDH221200431R	16426	16565	9	10	2	grey40
ZDH221200431R	16565	16807	9	10	0	grey100
ZDH221200431R	16807	16918	9	10	4	grey40
ZDH221200431R	16918	16974	9	10	0	grey100
ZDH221200431R	16974	17050	9	10	2	grey40
ZDH221200431R	17050	17053	9	10	0	grey100
ZDH221200431R	17053	17395	9	10	6	grey40
ZDH221200431R	17395	17432	9	10	0	grey100
ZDH221200431R	17432	17508	9	10	2	grey40
ZDH221200431R	17508	17521	9	10	0	grey100
ZDH221200431R	17521	17760	9	10	4	grey40
ZDH221200431R	17760	17770	9	10	0	grey100
ZDH221200431R	17770	17846	9	10	2	grey40
ZDH221200431R	17846	18082	9	10	0	grey100
ZDH221200431R	18082	18158	9	10	2	grey40
ZDH221200431R	18158	18175	9	10	0	grey100
ZDH221200431R	18175	18287	9	10	5	grey40
ZDH221200431R	18287	18364	9	10	0	grey100
ZDH221200431R	18364	18440	9	10	2	grey40
ZDH221200431R	18440	18447	9	10	0	grey100
ZDH221200431R	18447	18576	9	10	2	grey40
ZDH221200431R	18576	18655	9	10	0	grey100
ZDH221200431R	18655	18731	9	10	2	grey40
ZDH221200431R	18731	18739	9	10	0	grey100
ZDH221200431R	18739	18869	9	10	4	grey40
ZDH221200431R	18869	18886	9	10	0	grey100
ZDH221200431R	18886	18962	9	10	2	grey40
ZDH221200431R	18962	18969	9	10	0	grey100
ZDH221200431R	18969	19083	9	10	2	grey40
ZDH221200431R	19083	19167	9	10	0	grey100
ZDH221200431R	19167	19243	9	10	2	grey40
ZDH221200431R	19243	19395	9	10	0	grey100
ZDH221200431R	19395	19540	9	10	6	grey40
ZDH221200431R	19540	19553	9	10	0	grey100
ZDH221200431R	19553	19631	9	10	3	grey40
ZDH221200431R	19631	19636	9	10	0	grey100
ZDH221200431R	19636	19771	9	10	3	grey40
ZDH221200431R	19771	19796	9	10	0	grey100
ZDH221200431R	19796	20090	9	10	3	grey40
ZDH221200431R	20090	20152	9	10	0	grey100
ZDH221200431R	20152	20228	9	10	4	grey40
ZDH221200431R	20228	20276	9	10	0	grey100
ZDH221200431R	20276	20352	9	10	2	grey40
ZDH221200431R	20352	20676	9	10	0	grey100
ZDH221200431R	20676	20752	9	10	2	grey40
ZDH221200431R	20752	20784	9	10	0	grey100
ZDH221200431R	20784	20868	9	10	5	grey40
ZDH221200431R	20868	21186	9	10	0	grey100
ZDH221200431R	21186	21262	9	10	2	grey40
ZDH221200431R	21262	21516	9	10	0	grey100
ZDH221200431R	21516	21592	9	10	2	grey40
ZDH221200431R	21592	21632	9	10	0	grey100
ZDH221200431R	21632	21703	9	10	2	grey40
ZDH221200431R	21703	21872	9	10	0	grey100
ZDH221200431R	21872	22027	9	10	2	grey40
ZDH221200431R	22027	22184	9	10	0	grey100
ZDH221200431R	22184	22381	9	10	3	grey40
ZDH221200431R	22381	22471	9	10	0	grey100
ZDH221200431R	22471	22547	9	10	2	grey40
ZDH221200431R	22547	22551	9	10	0	grey100
ZDH221200431R	22551	22627	9	10	2	grey40
ZDH221200431R	22627	22640	9	10	0	grey100
ZDH221200431R	22640	22747	9	10	4	grey40
ZDH221200431R	22747	23122	9	10	0	grey100
ZDH221200431R	23122	23537	9	10	4	grey40
ZDH221200431R	23537	23628	9	10	0	grey100
ZDH221200431R	23628	23704	9	10	2	grey40
ZDH221200431R	23704	23798	9	10	0	grey100
ZDH221200431R	23798	23879	9	10	3	grey40
ZDH221200431R	23879	24057	9	10	0	grey100
ZDH221200431R	24057	24133	9	10	2	grey40
ZDH221200431R	24133	24145	9	10	0	grey100
ZDH221200431R	24145	24220	9	10	2	grey40
ZDH221200431R	24220	24282	9	10	0	grey100
ZDH221200431R	24282	24358	9	10	2	grey40
ZDH221200431R	24358	24484	9	10	0	grey100
ZDH221200431R	24484	24599	9	10	2	grey40
ZDH221200431R	24599	24642	9	10	0	grey100
ZDH221200431R	24642	24738	9	10	3	grey40
ZDH221200431R	24738	24936	9	10	0	grey100
ZDH221200431R	24936	25012	9	10	2	grey40
ZDH221200431R	25012	25162	9	10	0	grey100
ZDH221200431R	25162	25273	9	10	2	grey40
ZDH221200431R	25273	25512	9	10	0	grey100
ZDH221200431R	25512	25588	9	10	2	grey40
ZDH221200431R	25588	25856	9	10	0	grey100
ZDH221200431R	25856	25865	9	10	2	grey40
ZDH221200431R	25865	25866	9	10	0	grey100
ZDH221200431R	25866	25927	9	10	2	grey40
ZDH221200431R	25927	25938	9	10	0	grey100
ZDH221200431R	25938	26222	9	10	4	grey40
ZDH221200431R	26222	26224	9	10	0	grey100
ZDH221200431R	26224	26429	9	10	3	grey40
ZDH221200431R	26429	26588	9	10	0	grey100
ZDH221200431R	26588	26685	9	10	3	grey40
ZDH221200431R	26685	26746	9	10	0	grey100
ZDH221200431R	26746	26822	9	10	2	grey40
ZDH221200431R	26822	26955	9	10	0	grey100
ZDH221200431R	26955	27031	9	10	2	grey40
ZDH221200431R	27031	27163	9	10	0	grey100
ZDH221200431R	27163	27313	9	10	4	grey40
ZDH221200431R	27313	27401	9	10	0	grey100
ZDH221200431R	27401	27520	9	10	3	grey40
ZDH221200431R	27520	27571	9	10	0	grey100
ZDH221200431R	27571	27673	9	10	5	grey40
ZDH221200431R	27673	27730	9	10	0	grey100
ZDH221200431R	27730	27953	9	10	3	grey40
ZDH221200431R	27953	27958	9	10	0	grey100
ZDH221200431R	27958	28226	9	10	5	grey40
ZDH221200431R	28226	28227	9	10	0	grey100
ZDH221200431R	28227	28301	9	10	2	grey40
ZDH221200431R	28301	28353	9	10	0	grey100
ZDH221200431R	28353	28501	9	10	4	grey40
ZDH221200431R	28501	28561	9	10	0	grey100
ZDH221200431R	28561	28835	9	10	4	grey40
ZDH221200431R	28835	28941	9	10	0	grey100
ZDH221200431R	28941	29361	9	10	2	grey40
ZDH221200431R	29361	29528	9	10	0	grey100
ZDH221200431R	29528	29604	9	10	2	grey40
ZDH221200431R	29604	29867	9	10	0	grey100
MDL001-Q18C22530029L-RNA-D28-20221229	0	1214	10.5	11.5	0	grey100
MDL001-Q18C22530029L-RNA-D28-20221229	1214	1264	10.5	11.5	2	grey40
MDL001-Q18C22530029L-RNA-D28-20221229	1264	2718	10.5	11.5	0	grey100
MDL001-Q18C22530029L-RNA-D28-20221229	2718	2768	10.5	11.5	2	grey40
MDL001-Q18C22530029L-RNA-D28-20221229	2768	3782	10.5	11.5	0	grey100
MDL001-Q18C22530029L-RNA-D28-20221229	3782	3832	10.5	11.5	2	grey40
MDL001-Q18C22530029L-RNA-D28-20221229	3832	8013	10.5	11.5	0	grey100
MDL001-Q18C22530029L-RNA-D28-20221229	8013	8063	10.5	11.5	2	grey40
MDL001-Q18C22530029L-RNA-D28-20221229	8063	8508	10.5	11.5	0	grey100
MDL001-Q18C22530029L-RNA-D28-20221229	8508	8558	10.5	11.5	2	grey40
MDL001-Q18C22530029L-RNA-D28-20221229	8558	8631	10.5	11.5	0	grey100
MDL001-Q18C22530029L-RNA-D28-20221229	8631	8681	10.5	11.5	2	grey40
MDL001-Q18C22530029L-RNA-D28-20221229	8681	9589	10.5	11.5	0	grey100
MDL001-Q18C22530029L-RNA-D28-20221229	9589	9639	10.5	11.5	2	grey40
MDL001-Q18C22530029L-RNA-D28-20221229	9639	11360	10.5	11.5	0	grey100
MDL001-Q18C22530029L-RNA-D28-20221229	11360	11410	10.5	11.5	2	grey40
MDL001-Q18C22530029L-RNA-D28-20221229	11410	12779	10.5	11.5	0	grey100
MDL001-Q18C22530029L-RNA-D28-20221229	12779	12829	10.5	11.5	2	grey40
MDL001-Q18C22530029L-RNA-D28-20221229	12829	13207	10.5	11.5	0	grey100
MDL001-Q18C22530029L-RNA-D28-20221229	13207	13257	10.5	11.5	2	grey40
MDL001-Q18C22530029L-RNA-D28-20221229	13257	14432	10.5	11.5	0	grey100
MDL001-Q18C22530029L-RNA-D28-20221229	14432	14482	10.5	11.5	2	grey40
MDL001-Q18C22530029L-RNA-D28-20221229	14482	16116	10.5	11.5	0	grey100
MDL001-Q18C22530029L-RNA-D28-20221229	16116	16166	10.5	11.5	2	grey40
MDL001-Q18C22530029L-RNA-D28-20221229	16166	16761	10.5	11.5	0	grey100
MDL001-Q18C22530029L-RNA-D28-20221229	16761	16811	10.5	11.5	2	grey40
MDL001-Q18C22530029L-RNA-D28-20221229	16811	18280	10.5	11.5	0	grey100
MDL001-Q18C22530029L-RNA-D28-20221229	18280	18368	10.5	11.5	2	grey40
MDL001-Q18C22530029L-RNA-D28-20221229	18368	18580	10.5	11.5	0	grey100
MDL001-Q18C22530029L-RNA-D28-20221229	18580	18630	10.5	11.5	2	grey40
MDL001-Q18C22530029L-RNA-D28-20221229	18630	19183	10.5	11.5	0	grey100
MDL001-Q18C22530029L-RNA-D28-20221229	19183	19233	10.5	11.5	2	grey40
MDL001-Q18C22530029L-RNA-D28-20221229	19233	22238	10.5	11.5	0	grey100
MDL001-Q18C22530029L-RNA-D28-20221229	22238	22288	10.5	11.5	2	grey40
MDL001-Q18C22530029L-RNA-D28-20221229	22288	22739	10.5	11.5	0	grey100
MDL001-Q18C22530029L-RNA-D28-20221229	22739	22827	10.5	11.5	3	grey40
MDL001-Q18C22530029L-RNA-D28-20221229	22827	23533	10.5	11.5	0	grey100
MDL001-Q18C22530029L-RNA-D28-20221229	23533	23583	10.5	11.5	2	grey40
MDL001-Q18C22530029L-RNA-D28-20221229	23583	23695	10.5	11.5	0	grey100
MDL001-Q18C22530029L-RNA-D28-20221229	23695	23745	10.5	11.5	2	grey40
MDL001-Q18C22530029L-RNA-D28-20221229	23745	26356	10.5	11.5	0	grey100
MDL001-Q18C22530029L-RNA-D28-20221229	26356	26406	10.5	11.5	2	grey40
MDL001-Q18C22530029L-RNA-D28-20221229	26406	26788	10.5	11.5	0	grey100
MDL001-Q18C22530029L-RNA-D28-20221229	26788	26838	10.5	11.5	2	grey40
MDL001-Q18C22530029L-RNA-D28-20221229	26838	26970	10.5	11.5	0	grey100
MDL001-Q18C22530029L-RNA-D28-20221229	26970	27020	10.5	11.5	2	grey40
MDL001-Q18C22530029L-RNA-D28-20221229	27020	27153	10.5	11.5	0	grey100
MDL001-Q18C22530029L-RNA-D28-20221229	27153	27203	10.5	11.5	2	grey40
MDL001-Q18C22530029L-RNA-D28-20221229	27203	27410	10.5	11.5	0	grey100
MDL001-Q18C22530029L-RNA-D28-20221229	27410	27460	10.5	11.5	2	grey40
MDL001-Q18C22530029L-RNA-D28-20221229	27460	27789	10.5	11.5	0	grey100
MDL001-Q18C22530029L-RNA-D28-20221229	27789	27839	10.5	11.5	2	grey40
MDL001-Q18C22530029L-RNA-D28-20221229	27839	27989	10.5	11.5	0	grey100
MDL001-Q18C22530029L-RNA-D28-20221229	27989	28039	10.5	11.5	2	grey40
MDL001-Q18C22530029L-RNA-D28-20221229	28039	28063	10.5	11.5	0	grey100
MDL001-Q18C22530029L-RNA-D28-20221229	28063	28113	10.5	11.5	2	grey40
MDL001-Q18C22530029L-RNA-D28-20221229	28113	29867	10.5	11.5	0	grey100
ZDH230101391R	0	4993	12	13	0	grey100
ZDH230101391R	4993	5069	12	13	2	grey40
ZDH230101391R	5069	8320	12	13	0	grey100
ZDH230101391R	8320	8396	12	13	2	grey40
ZDH230101391R	8396	8531	12	13	0	grey100
ZDH230101391R	8531	8607	12	13	2	grey40
ZDH230101391R	8607	15166	12	13	0	grey100
ZDH230101391R	15166	15242	12	13	2	grey40
ZDH230101391R	15242	17340	12	13	0	grey100
ZDH230101391R	17340	17416	12	13	2	grey40
ZDH230101391R	17416	25958	12	13	0	grey100
ZDH230101391R	25958	26034	12	13	2	grey40
ZDH230101391R	26034	29867	12	13	0	grey100
ZDH230100411R	0	2879	13.5	14.5	0	grey100
ZDH230100411R	2879	2950	13.5	14.5	2	grey40
ZDH230100411R	2950	15209	13.5	14.5	0	grey100
ZDH230100411R	15209	15278	13.5	14.5	2	grey40
ZDH230100411R	15278	29867	13.5	14.5	0	grey100
ZDH23063000082R	0	614	15	16	0	grey100
ZDH23063000082R	614	690	15	16	2	grey40
ZDH23063000082R	690	29867	15	16	0	grey100
MDL001-Q09C23030037T-RNA-A08-20230110	0	13437	16.5	17.5	0	grey100
MDL001-Q09C23030037T-RNA-A08-20230110	13437	13487	16.5	17.5	2	grey40
MDL001-Q09C23030037T-RNA-A08-20230110	13487	29867	16.5	17.5	0	grey100
