type	fragment_num	mapped_fragment_num	mapped_ref_bases	BreakPoint	cov	snp	indel	signal_ratio
mega-hit_shorts	17	16	29111	32	97.3514	192	70	99.227
mimia_gatb	20	20	26235	40	87.7337	176	70	99.9886
rnaSpades_trans	34	33	28524	66	95.3884	190	70	99.1884
mega-hit_mega-hit	17	16	29111	32	97.3514	192	70	99.227
rnaviralSpades_rnaviralSpades	18	18	29360	36	98.1841	196	70	99.8141
rnaSpades_soft	34	33	28524	66	95.3884	190	70	99.1884
mega-hit_shorts	96	5	1396	10	4.6684	4	9	4.1771
mimia_gatb	41	1	330	2	1.1036	4	9	2.098
mega-hit_mega-hit	103	5	1396	10	4.6684	4	9	3.9574
rnaviralSpades_rnaviralSpades	134	9	2804	20	9.377	11	35	6.1253
mega-hit_shorts	46	39	25540	78	85.4095	90	0	92.5394
mimia_gatb	31	29	25247	58	84.4297	56	0	98.1345
rnaSpades_trans	42	38	26483	76	88.563	55	0	96.2152
mega-hit_mega-hit	40	33	27720	66	92.6997	81	0	93.0621
rnaviralSpades_rnaviralSpades	42	31	28327	62	94.7296	86	0	90.1765
rnaSpades_soft	42	38	26483	76	88.563	55	0	96.2152
mega-hit_shorts	44	40	24288	80	81.2226	181	70	93.9708
mimia_gatb	40	38	18765	76	62.7529	112	44	96.31
rnaSpades_trans	50	46	20366	92	68.1069	167	70	94.3645
mega-hit_mega-hit	44	40	24287	80	81.2193	181	70	93.9778
rnaviralSpades_rnaviralSpades	53	44	25510	88	85.3092	179	70	90.3381
rnaSpades_soft	50	46	20366	92	68.1069	167	70	94.3645
mega-hit_shorts	50	35	27079	70	90.5561	53	0	85.158
mimia_gatb	38	36	26366	72	88.1718	52	0	96.5882
rnaSpades_trans	49	40	26948	80	90.118	47	0	91.5196
mega-hit_mega-hit	50	35	27079	70	90.5561	53	0	85.158
rnaviralSpades_rnaviralSpades	68	34	27826	68	93.0542	61	0	73.895
rnaSpades_soft	49	40	26948	80	90.118	47	0	91.5196
mega-hit_shorts	109	3	675	6	2.2573	5	9	1.6959
mega-hit_mega-hit	112	3	675	6	2.2573	5	9	1.6628
rnaviralSpades_rnaviralSpades	163	4	883	8	2.9529	7	9	1.611
mega-hit_shorts	74	7	29455	14	98.5018	163	30	63.2442
mimia_gatb	147	7	29607	14	99.0101	161	56	41.2554
rnaSpades_trans	556	5	29815	10	99.7057	164	56	14.3834
mega-hit_mega-hit	105	2	29782	4	99.5954	163	56	52.5046
rnaviralSpades_rnaviralSpades	432	10	29728	20	99.4148	166	56	20.6037
rnaSpades_soft	556	5	29815	10	99.7057	164	56	14.3834
mega-hit_shorts	298	2	597	4	1.9965	4	0	0.7453
rnaSpades_trans	1034	5	1176	10	3.9327	6	26	0.3911
mega-hit_mega-hit	506	5	1261	10	4.217	9	0	0.9478
rnaviralSpades_rnaviralSpades	1126	9	2021	18	6.7585	9	26	0.6893
rnaSpades_soft	1034	5	1176	10	3.9327	6	26	0.3911
mega-hit_shorts	47	46	22035	94	73.6883	266	17	97.9172
rnaSpades_trans	1	1	29872	2	99.8963	142	62	99.9263
mega-hit_mega-hit	3	1	29865	2	99.8729	142	62	98.3857
rnaviralSpades_rnaviralSpades	3	2	29831	4	99.7592	139	62	99
rnaSpades_soft	1	1	29872	2	99.8963	142	62	99.9263
mega-hit_shorts	163	46	21647	92	72.3907	138	30	22.5519
mimia_gatb	90	25	12374	50	41.3805	68	21	17.0707
rnaSpades_trans	116	36	14095	72	47.1357	96	30	19.5129
mega-hit_mega-hit	163	47	21831	94	73.0061	138	30	22.2154
rnaviralSpades_rnaviralSpades	213	48	23384	98	78.1995	146	30	19.841
rnaSpades_soft	116	36	14095	72	47.1357	96	30	19.5129
mega-hit_shorts	31	25	26463	50	88.4961	157	17	91.5751
mimia_gatb	8	3	29811	6	99.6923	138	59	94.5544
rnaSpades_trans	6	2	29871	6	99.893	143	59	96.146
mega-hit_mega-hit	9	1	29840	2	99.7893	144	59	91.9564
rnaviralSpades_rnaviralSpades	12	4	29836	8	99.7759	139	59	91.9119
rnaSpades_soft	6	2	29871	6	99.893	143	59	96.146
mega-hit_shorts	14	7	1906	14	6.3739	15	9	42.3249
mimia_gatb	7	2	575	4	1.9229	4	9	23.7615
rnaSpades_trans	19	3	745	6	2.4914	4	9	15.1503
mega-hit_mega-hit	18	7	1906	14	6.3739	15	9	34.9549
rnaviralSpades_rnaviralSpades	24	11	2937	22	9.8218	24	9	40.2613
rnaSpades_soft	19	3	745	6	2.4914	4	9	15.1503
mega-hit_shorts	38	35	26385	70	88.2353	182	70	96.7587
mimia_gatb	48	46	21706	92	72.588	139	44	97.1635
rnaSpades_trans	53	51	22468	102	75.1363	159	70	97.4811
mega-hit_mega-hit	38	35	26385	70	88.2353	182	70	96.7587
rnaviralSpades_rnaviralSpades	40	37	27217	74	91.0176	185	70	96.8309
rnaSpades_soft	53	51	22468	102	75.1363	159	70	97.4811
mega-hit_shorts	12	1	221	2	0.7391	3	0	5.5682
mimia_gatb	21	16	26038	32	87.0749	51	15	93.7637
rnaSpades_trans	42	36	27017	72	90.3488	59	5	93.9487
mega-hit_mega-hit	29	18	29030	36	97.0806	70	18	88.46
rnaviralSpades_rnaviralSpades	33	19	29024	38	97.0605	75	3	86.19
rnaSpades_soft	42	36	27017	72	90.3488	59	5	93.9487
mega-hit_shorts	35	30	26723	60	89.3656	152	47	93.0652
mimia_gatb	37	34	20428	68	68.3142	119	38	95.5171
rnaSpades_trans	49	43	21877	86	73.1599	119	47	91.4756
mega-hit_mega-hit	34	30	26723	60	89.3656	152	47	92.8171
rnaviralSpades_rnaviralSpades	30	27	27241	54	91.0979	155	47	93.6767
rnaSpades_soft	49	43	21877	86	73.1599	119	47	91.4756
mega-hit_shorts	15	2	405	4	1.3544	4	0	10.0571
mega-hit_mega-hit	17	2	405	4	1.3544	4	0	8.8855
rnaviralSpades_rnaviralSpades	18	2	452	4	1.5116	4	0	7.621
mimia_gatb	159	19	29329	40	98.0805	154	30	37.1203
rnaSpades_trans	652	144	29828	404	99.7492	122	47	42.832
mega-hit_mega-hit	515	2	29881	4	99.9264	165	56	18.5806
rnaviralSpades_rnaviralSpades	874	4	29859	8	99.8529	164	56	11.9982
rnaSpades_soft	652	144	29828	404	99.7492	122	47	42.832
mega-hit_shorts	33	8	29304	16	97.9969	166	30	73.8029
mimia_gatb	61	2	29751	4	99.4917	171	56	55.985
rnaSpades_trans	356	1	29861	2	99.8595	174	56	20.2135
mega-hit_mega-hit	65	1	29829	2	99.7525	171	56	59.1086
rnaviralSpades_rnaviralSpades	221	3	29861	6	99.8595	174	56	32.5918
rnaSpades_soft	356	1	29861	2	99.8595	174	56	20.2135
rnaviralSpades_rnaviralSpades	6	6	1453	12	4.859	20	0	98.5753
mega-hit_shorts	28	20	4814	52	16.0987	35	7	65.6988
mimia_gatb	30	1	29215	2	97.6992	151	30	65.1029
rnaSpades_trans	204	1	29764	2	99.5352	157	56	27.0424
mega-hit_mega-hit	22	1	29845	2	99.806	159	56	82.129
rnaviralSpades_rnaviralSpades	117	3	29853	6	99.8328	159	56	49.5619
rnaSpades_soft	204	1	29764	2	99.5352	157	56	27.0424
mega-hit_shorts	4	1	314	2	1.0501	2	0	26.8836
rnaSpades_trans	4	2	409	4	1.3678	2	0	47.338
mega-hit_mega-hit	5	1	314	2	1.0501	2	0	22.9197
rnaviralSpades_rnaviralSpades	17	5	1149	10	3.8424	9	0	27.6661
rnaSpades_soft	4	2	409	4	1.3678	2	0	47.338
mega-hit_shorts	1	1	220	2	0.7357	0	0	100
mega-hit_mega-hit	1	1	220	2	0.7357	0	0	100
rnaviralSpades_rnaviralSpades	3	3	679	6	2.2707	1	0	99.7118
mega-hit_shorts	41	24	8097	48	27.0776	63	47	66.2859
mimia_gatb	20	11	3720	22	12.4402	28	38	56.25
rnaSpades_trans	41	14	4065	28	13.594	28	39	33.4202
mega-hit_mega-hit	47	24	8097	48	27.0776	63	47	54.9013
rnaviralSpades_rnaviralSpades	64	28	9225	56	30.8497	67	48	48.2876
rnaSpades_soft	41	14	4065	28	13.594	28	39	33.4202
mega-hit_shorts	84	70	20238	150	67.6788	135	58	71.1887
rnaSpades_trans	42	1	29843	2	99.7994	156	56	68.1718
mega-hit_mega-hit	33	13	29675	28	99.2375	159	56	79.5345
rnaviralSpades_rnaviralSpades	72	58	21614	120	72.2804	113	43	76.5746
rnaSpades_soft	42	1	29843	2	99.7994	156	56	68.1718
mega-hit_shorts	4	1	258	2	0.8628	0	0	23.8447
mega-hit_mega-hit	4	1	258	2	0.8628	0	0	23.8447
rnaviralSpades_rnaviralSpades	4	1	263	2	0.8795	1	0	23.3363
mega-hit_shorts	135	47	12795	144	42.7883	169	125	33.4968
mimia_gatb	220	1	29557	2	98.8429	131	35	30.8127
rnaSpades_trans	1179	2	29797	6	99.6455	129	64	5.6123
mega-hit_mega-hit	132	2	29840	8	99.7893	130	61	44.9329
rnaviralSpades_rnaviralSpades	796	11	29844	22	99.8027	131	64	12.1695
rnaSpades_soft	1179	2	29797	6	99.6455	129	64	5.6123
mega-hit_shorts	111	6	29710	12	99.3546	205	61	39.107
mimia_gatb	57	4	29711	8	99.3579	202	70	51.5058
rnaSpades_trans	66	5	29826	10	99.7425	206	70	49.3415
mega-hit_mega-hit	109	3	29778	6	99.582	201	70	38.9572
rnaviralSpades_rnaviralSpades	147	6	29792	12	99.6288	200	70	34.4031
rnaSpades_soft	66	5	29826	10	99.7425	206	70	49.3415
mega-hit_shorts	25	13	29681	26	99.2576	213	70	91.3475
mimia_gatb	7	2	29686	4	99.2743	188	70	96.1202
rnaSpades_trans	48	4	29861	8	99.8595	192	70	65.8018
mega-hit_mega-hit	24	2	29860	4	99.8562	191	70	82.87
rnaviralSpades_rnaviralSpades	44	3	29836	6	99.7759	189	70	73.8884
rnaSpades_soft	48	4	29861	8	99.8595	192	70	65.8018
mega-hit_shorts	37	37	27898	74	93.295	48	0	99.7872
mimia_gatb	33	33	26055	66	87.1317	46	0	99.9273
rnaSpades_trans	40	40	27910	80	93.3351	49	0	99.8059
mega-hit_mega-hit	37	37	27898	74	93.295	48	0	99.7872
rnaviralSpades_rnaviralSpades	35	35	28123	70	94.0474	56	0	99.7997
rnaSpades_soft	40	40	27910	80	93.3351	49	0	99.8059
mega-hit_shorts	32	32	28099	64	93.9672	76	0	99.7567
mimia_gatb	26	26	25466	52	85.162	58	0	99.6207
rnaSpades_trans	37	37	27165	74	90.8437	54	0	99.7929
mega-hit_mega-hit	32	32	28099	64	93.9672	76	0	99.7567
rnaviralSpades_rnaviralSpades	32	32	28293	64	94.6159	72	0	99.6894
rnaSpades_soft	37	37	27165	74	90.8437	54	0	99.7929
mega-hit_shorts	5502	6	1996	12	6.6749	17	9	0.09
rnaSpades_trans	3339	2	868	4	2.9027	4	9	0.0626
mega-hit_mega-hit	5548	7	2217	14	7.414	17	9	0.0994
rnaviralSpades_rnaviralSpades	6985	16	4608	32	15.4098	33	9	0.1708
rnaSpades_soft	3339	2	868	4	2.9027	4	9	0.0626
mega-hit_shorts	6	6	29541	12	98.7894	205	56	100
mimia_gatb	1	1	29844	2	99.8027	188	56	100
rnaSpades_trans	2	2	29863	4	99.8662	189	56	99.6951
mega-hit_mega-hit	1	1	29820	2	99.7224	187	56	100
rnaviralSpades_rnaviralSpades	4	3	29825	6	99.7392	185	56	99.2447
rnaSpades_soft	2	2	29863	4	99.8662	189	56	99.6951
mega-hit_shorts	53	38	26717	76	89.3456	89	0	86.8929
mimia_gatb	32	26	24843	52	83.0786	58	0	94.447
rnaSpades_trans	50	42	26879	84	89.8873	52	0	93.3796
mega-hit_mega-hit	48	33	28271	66	94.5424	74	0	87.4685
rnaviralSpades_rnaviralSpades	56	28	28519	56	95.3717	81	3	77.9078
rnaSpades_soft	50	42	26879	84	89.8873	52	0	93.3796
mega-hit_shorts	3	2	439	4	1.4681	0	0	64.3695
mega-hit_mega-hit	3	2	439	4	1.4681	0	0	64.3695
rnaviralSpades_rnaviralSpades	7	2	465	4	1.555	1	0	29.449
mega-hit_shorts	17	5	29634	10	99.1004	188	95	89.7051
mimia_gatb	22	8	29446	16	98.4717	186	56	89.6731
rnaSpades_trans	59	10	29712	20	99.3613	180	47	70.6534
mega-hit_mega-hit	22	5	29675	10	99.2375	190	56	86.6078
rnaviralSpades_rnaviralSpades	67	8	29680	16	99.2543	187	56	65.8661
rnaSpades_soft	59	10	29712	20	99.3613	180	47	70.6534
mega-hit_shorts	103	39	20521	78	68.6252	161	41	46.7731
rnaSpades_trans	85	38	14156	76	47.3397	110	27	49.5219
mega-hit_mega-hit	103	39	20521	78	68.6252	161	41	47.0109
rnaviralSpades_rnaviralSpades	143	45	23576	90	78.8416	192	41	41.0974
rnaSpades_soft	85	38	14156	76	47.3397	110	27	49.5219
mega-hit_shorts	24	24	8241	48	27.5591	59	44	99.9149
mimia_gatb	8	8	3257	16	10.8919	26	35	99.907
rnaSpades_trans	14	14	4862	28	16.2592	43	44	99.5043
mega-hit_mega-hit	24	24	8241	48	27.5591	59	44	99.9149
rnaviralSpades_rnaviralSpades	37	34	10934	68	36.5649	70	44	93.2768
rnaSpades_soft	14	14	4862	28	16.2592	43	44	99.5043
mega-hit_shorts	58	32	28132	64	94.0775	67	0	79.2826
mimia_gatb	38	27	25927	54	86.7037	55	0	89.5935
rnaSpades_trans	50	36	26907	72	89.9809	51	0	88.5833
mega-hit_mega-hit	58	32	28132	64	94.0775	67	0	79.2826
rnaviralSpades_rnaviralSpades	71	31	28541	62	95.4453	73	0	72.0755
rnaSpades_soft	50	36	26907	72	89.9809	51	0	88.5833
mega-hit_shorts	849	32	12394	64	41.4473	50	35	4.6668
rnaSpades_trans	439	28	8216	56	27.4755	38	9	6.2627
mega-hit_mega-hit	862	32	12394	64	41.4473	50	35	4.6161
rnaviralSpades_rnaviralSpades	1293	39	15085	78	50.4464	81	35	3.8588
rnaSpades_soft	439	28	8216	56	27.4755	38	9	6.2627
mega-hit_shorts	18	11	28167	22	94.1946	197	37	92.7407
mimia_gatb	1	1	29399	2	98.3146	194	44	100
rnaSpades_trans	4	1	29870	2	99.8896	198	70	97.016
mega-hit_mega-hit	8	1	29813	2	99.699	195	70	93.1566
rnaviralSpades_rnaviralSpades	11	4	29825	8	99.7392	193	70	92.0005
rnaSpades_soft	4	1	29870	2	99.8896	198	70	97.016
mega-hit_shorts	110	28	25957	58	86.804	140	54	52.4021
mimia_gatb	220	37	21835	76	73.0194	123	44	27.6596
rnaSpades_trans	642	28	25766	56	86.1653	143	53	12.2241
mega-hit_mega-hit	142	30	26271	64	87.8541	152	55	46.2468
rnaviralSpades_rnaviralSpades	476	22	26564	44	88.8339	150	53	16.9533
rnaSpades_soft	642	28	25766	56	86.1653	143	53	12.2241
mega-hit_shorts	35	35	27735	70	92.7499	74	0	99.8036
mimia_gatb	25	25	24159	50	80.7912	50	0	99.9421
rnaSpades_trans	38	37	26960	74	90.1582	55	0	99.0762
mega-hit_mega-hit	34	34	27985	68	93.5859	70	0	99.7806
rnaviralSpades_rnaviralSpades	32	31	28194	62	94.2849	78	0	99.0212
rnaSpades_soft	38	37	26960	74	90.1582	55	0	99.0762
mega-hit_shorts	9	3	774	6	2.5884	0	26	26.5248
mega-hit_mega-hit	11	3	774	6	2.5884	0	26	21.7379
rnaviralSpades_rnaviralSpades	18	5	1258	10	4.2069	6	26	22.2102
mega-hit_shorts	35	24	8259	48	27.6193	49	21	69.5839
mimia_gatb	14	8	2574	16	8.6078	22	21	59.1794
rnaSpades_trans	157	14	4405	28	14.731	27	21	0.6216
mega-hit_mega-hit	35	24	8259	48	27.6193	49	21	68.5182
rnaviralSpades_rnaviralSpades	48	36	11112	72	37.1602	64	21	72.1701
rnaSpades_soft	157	14	4405	28	14.731	27	21	0.6216
mega-hit_shorts	42	34	28033	68	93.7464	152	56	92.2641
rnaSpades_trans	57	51	24152	104	80.7678	141	56	93.8516
mega-hit_mega-hit	42	34	27995	68	93.6194	152	56	92.2273
rnaviralSpades_rnaviralSpades	35	28	28273	58	94.549	152	56	92.869
rnaSpades_soft	57	51	24152	104	80.7678	141	56	93.8516
mega-hit_shorts	13	13	29623	26	99.0636	166	56	98.6258
rnaSpades_trans	21	1	29835	2	99.7726	166	56	85.1534
mega-hit_mega-hit	11	2	29854	4	99.8361	167	56	93.0712
rnaviralSpades_rnaviralSpades	26	21	29562	42	98.8596	164	47	95.9242
rnaSpades_soft	21	1	29835	2	99.7726	166	56	85.1534
mega-hit_shorts	1628	23	7045	46	23.5595	5	0	1.0564
mimia_gatb	900	7	2069	14	6.919	1	0	0.5511
rnaSpades_trans	1189	10	2706	20	9.0493	4	0	0.4313
mega-hit_mega-hit	1635	23	7045	46	23.5595	5	0	1.0546
rnaviralSpades_rnaviralSpades	2050	32	9776	64	32.6924	12	0	1.2179
rnaSpades_soft	1189	10	2706	20	9.0493	4	0	0.4313
mega-hit_shorts	26	6	29751	12	99.4917	188	70	84.3451
mimia_gatb	11	5	29642	10	99.1272	190	70	94.417
rnaSpades_trans	21	6	29668	12	99.2141	193	70	87.3987
mega-hit_mega-hit	27	5	29752	10	99.495	190	70	83.2959
rnaviralSpades_rnaviralSpades	40	6	29770	12	99.5552	191	70	75.7191
rnaSpades_soft	21	6	29668	12	99.2141	193	70	87.3987
mega-hit_shorts	201	2	533	4	1.7824	4	0	0.4759
rnaSpades_trans	523	4	996	8	3.3308	7	0	0.5208
mega-hit_mega-hit	235	3	787	6	2.6318	4	0	0.6561
rnaviralSpades_rnaviralSpades	442	8	2028	16	6.7819	13	0	1.1371
rnaSpades_soft	523	4	996	8	3.3308	7	0	0.5208
mega-hit_shorts	11	7	29777	14	99.5786	194	70	95.6925
mimia_gatb	5	4	29201	8	97.6524	193	70	97.8874
rnaSpades_trans	10	5	29775	10	99.5719	195	70	95.3588
mega-hit_mega-hit	8	4	29795	8	99.6388	192	70	95.6807
rnaviralSpades_rnaviralSpades	13	8	29672	16	99.2275	191	70	94.2267
rnaSpades_soft	10	5	29775	10	99.5719	195	70	95.3588
mega-hit_shorts	88	17	29214	34	97.6959	178	59	61.8971
mimia_gatb	125	32	27596	64	92.2851	161	59	49.9838
rnaSpades_trans	659	22	29193	44	97.6257	180	59	14.5048
mega-hit_mega-hit	92	17	29214	34	97.6959	178	59	59.4421
rnaviralSpades_rnaviralSpades	626	19	29464	38	98.5319	176	59	15.2413
rnaSpades_soft	659	22	29193	44	97.6257	180	59	14.5048
mega-hit_shorts	34	30	28093	60	93.9471	59	0	95.4981
mimia_gatb	27	25	26732	50	89.3957	53	0	97.6596
rnaSpades_trans	39	36	28016	72	93.6896	47	0	96.8476
mega-hit_mega-hit	34	30	28306	60	94.6594	57	0	95.5014
rnaviralSpades_rnaviralSpades	33	28	28276	56	94.5591	62	0	94.7038
rnaSpades_soft	39	36	28016	72	93.6896	47	0	96.8476
mega-hit_shorts	11	9	3411	18	11.4069	22	35	88.5624
rnaSpades_trans	5	4	1848	8	6.18	15	9	89.4455
mega-hit_mega-hit	14	9	3411	18	11.4069	22	35	73.5833
rnaviralSpades_rnaviralSpades	19	12	4242	24	14.1859	29	35	69.609
rnaSpades_soft	5	4	1848	8	6.18	15	9	89.4455
rnaviralSpades_rnaviralSpades	26	2	435	4	1.4547	1	0	5.3094
mega-hit_shorts	2907	39	26968	78	90.1849	67	0	2.0561
mimia_gatb	1920	34	23998	68	80.2528	54	0	2.6792
rnaSpades_trans	2570	41	25958	82	86.8073	54	0	2.1945
mega-hit_mega-hit	2907	39	26968	78	90.1849	67	0	2.0506
rnaviralSpades_rnaviralSpades	3377	37	27185	74	90.9106	72	0	1.8831
rnaSpades_soft	2570	41	25958	82	86.8073	54	0	2.1945
mega-hit_shorts	24	23	6400	46	21.4025	73	0	96.1763
mimia_gatb	25	24	26568	48	88.8473	53	0	98.8544
rnaSpades_trans	38	37	27312	74	91.3353	58	0	98.7958
mega-hit_mega-hit	26	25	28675	50	95.8934	63	0	98.9713
rnaviralSpades_rnaviralSpades	23	22	29116	44	97.3682	75	0	98.794
rnaSpades_soft	38	37	27312	74	91.3353	58	0	98.7958
mega-hit_shorts	45	45	23693	90	79.2329	112	53	99.9748
rnaSpades_trans	46	46	19248	92	64.3681	82	44	99.9178
mega-hit_mega-hit	45	45	23693	90	79.2329	112	53	99.9748
rnaviralSpades_rnaviralSpades	42	42	24833	84	83.0452	117	53	99.94
rnaSpades_soft	46	46	19248	92	64.3681	82	44	99.9178
mega-hit_shorts	3	1	201	2	0.6722	0	0	29.3431
rnaSpades_trans	3	1	202	2	0.6755	0	0	29.4891
mega-hit_mega-hit	4	2	403	4	1.3477	0	0	45.434
rnaviralSpades_rnaviralSpades	8	6	1319	12	4.4109	1	0	73.1153
rnaSpades_soft	3	1	202	2	0.6755	0	0	29.4891
mimia_gatb	171	6	29534	12	98.766	133	33	36.8932
rnaSpades_trans	883	24	29833	78	99.7659	65	35	29.6673
mega-hit_mega-hit	206	1	29873	2	99.8997	136	59	32.8008
rnaviralSpades_rnaviralSpades	612	3	29862	6	99.8629	135	59	15.2407
rnaSpades_soft	883	24	29833	78	99.7659	65	35	29.6673
mega-hit_shorts	29	27	8707	54	29.1175	46	9	94.7682
mimia_gatb	11	11	3269	22	10.932	13	0	100
rnaSpades_trans	17	15	4331	30	14.4835	30	9	89.6973
mega-hit_mega-hit	29	27	8707	54	29.1175	46	9	94.7682
rnaviralSpades_rnaviralSpades	36	32	10520	64	35.1804	60	18	90.8764
rnaSpades_soft	17	15	4331	30	14.4835	30	9	89.6973
mega-hit_shorts	47	46	25823	92	86.3559	34	0	98.9034
mimia_gatb	53	52	23768	104	79.4837	31	0	98.8683
rnaSpades_trans	57	56	23484	112	78.5339	35	0	98.7587
mega-hit_mega-hit	47	46	25823	92	86.3559	34	0	98.9034
rnaviralSpades_rnaviralSpades	48	45	27038	90	90.419	44	0	97.2749
rnaSpades_soft	57	56	23484	112	78.5339	35	0	98.7587
mega-hit_shorts	50	33	10872	66	36.3576	67	44	73.072
mimia_gatb	21	17	4456	34	14.9015	35	9	81.4273
rnaSpades_trans	29	22	5985	44	20.0147	45	18	78.2694
mega-hit_mega-hit	50	33	10872	66	36.3576	67	44	72.9053
rnaviralSpades_rnaviralSpades	86	44	14353	88	47.9985	79	44	58.8912
rnaSpades_soft	29	22	5985	44	20.0147	45	18	78.2694
mega-hit_shorts	44	39	17450	78	58.3553	181	33	92.3113
mimia_gatb	5	3	29842	6	99.796	197	90	98.574
rnaSpades_trans	5	2	29872	4	99.8963	201	90	97.3616
mega-hit_mega-hit	6	1	29816	2	99.7091	198	90	95.5103
rnaviralSpades_rnaviralSpades	15	4	29835	8	99.7726	197	90	90.8582
rnaSpades_soft	5	2	29872	4	99.8963	201	90	97.3616
rnaSpades_trans	7	1	29865	4	99.8729	158	56	97.2835
mega-hit_mega-hit	4	1	29824	2	99.7358	155	56	97.5904
rnaviralSpades_rnaviralSpades	19	19	29632	38	99.0937	154	58	98.7129
rnaSpades_soft	7	1	29865	4	99.8729	158	56	97.2835
mega-hit_shorts	11	6	845	18	2.8258	51	83	50.6973
mimia_gatb	15	5	29810	10	99.689	161	56	92.9138
rnaSpades_trans	16	1	29868	4	99.883	163	56	93.3961
mega-hit_mega-hit	12	3	29759	6	99.5184	161	58	93.1571
rnaviralSpades_rnaviralSpades	11	10	29037	20	97.104	155	47	98.7993
rnaSpades_soft	16	1	29868	4	99.883	163	56	93.3961
mega-hit_shorts	47	44	26892	88	89.9308	261	38	97.1358
mimia_gatb	1	1	29811	2	99.6923	195	70	100
rnaSpades_trans	3	1	29856	2	99.8428	199	73	98.5351
mega-hit_mega-hit	4	1	29821	2	99.7258	194	70	97.7504
rnaviralSpades_rnaviralSpades	7	4	29836	8	99.7759	193	70	97.3279
rnaSpades_soft	3	1	29856	2	99.8428	199	73	98.5351
mega-hit_shorts	1	1	417	2	1.3945	2	9	100
mega-hit_mega-hit	1	1	417	2	1.3945	2	9	100
rnaviralSpades_rnaviralSpades	5	5	1298	10	4.3407	8	9	100
mega-hit_shorts	1	1	208	2	0.6956	4	0	100
mimia_gatb	16	16	27475	32	91.8804	57	26	99.8364
rnaSpades_trans	35	35	27068	70	90.5193	57	0	99.6253
mega-hit_mega-hit	15	15	29028	30	97.0739	72	0	99.7801
rnaviralSpades_rnaviralSpades	15	15	29252	30	97.823	75	27	99.708
rnaSpades_soft	35	35	27068	70	90.5193	57	0	99.6253
mega-hit_shorts	7	7	29523	14	98.7292	196	70	99.8783
mimia_gatb	6	6	29258	12	97.843	192	70	99.9008
rnaSpades_trans	7	7	29526	14	98.7393	195	70	99.7017
mega-hit_mega-hit	6	6	29565	12	98.8697	199	70	99.9966
rnaviralSpades_rnaviralSpades	7	7	29571	14	98.8897	195	70	99.9359
rnaSpades_soft	7	7	29526	14	98.7393	195	70	99.7017
mega-hit_shorts	44	43	25078	86	83.8645	89	0	99.0855
mimia_gatb	25	25	27079	50	90.5561	53	0	99.86
rnaSpades_trans	38	37	27888	74	93.2615	43	0	98.99
mega-hit_mega-hit	27	26	28066	52	93.8568	63	0	99.0649
rnaviralSpades_rnaviralSpades	25	24	28498	48	95.3015	67	0	98.4055
rnaSpades_soft	38	37	27888	74	93.2615	43	0	98.99
mega-hit_shorts	2375	38	26027	76	87.0381	59	0	1.4416
mimia_gatb	2100	41	24062	82	80.4668	48	0	1.6692
rnaSpades_trans	2528	50	24467	100	81.8212	47	0	1.3397
mega-hit_mega-hit	2374	38	26027	76	87.0381	59	0	1.4413
rnaviralSpades_rnaviralSpades	2562	41	27024	82	90.3722	64	0	1.4183
rnaSpades_soft	2528	50	24467	100	81.8212	47	0	1.3397
mega-hit_shorts	838	2	29805	4	99.6723	163	56	8.3957
mimia_gatb	353	7	29833	14	99.7659	164	56	16.458
rnaSpades_trans	545	8	29836	16	99.7759	164	56	12.9089
mega-hit_mega-hit	867	1	29833	2	99.7659	164	56	8.2192
rnaviralSpades_rnaviralSpades	1190	11	29815	22	99.7057	162	59	6.4272
rnaSpades_soft	545	8	29836	16	99.7759	164	56	12.9089
mega-hit_shorts	83	2	413	4	1.3811	1	0	1.4793
mimia_gatb	167	1	207	2	0.6922	1	0	0.3924
rnaSpades_trans	319	1	207	2	0.6922	1	0	0.1918
rnaviralSpades_rnaviralSpades	177	4	916	8	3.0632	6	0	1.7313
rnaSpades_soft	319	1	207	2	0.6922	1	0	0.1918
mega-hit_shorts	795	17	5281	34	17.6604	6	0	1.5247
mimia_gatb	422	2	1143	4	3.8224	1	0	0.6037
rnaSpades_trans	576	6	1860	12	6.2201	1	0	0.8161
mega-hit_mega-hit	803	17	5281	34	17.6604	6	0	1.5178
rnaviralSpades_rnaviralSpades	1018	24	7338	48	24.5393	10	0	1.7232
rnaSpades_soft	576	6	1860	12	6.2201	1	0	0.8161
mega-hit_shorts	40	40	26407	80	88.3089	148	56	99.906
mimia_gatb	47	47	21864	94	73.1164	121	56	99.9589
rnaSpades_trans	49	49	21612	98	72.2737	116	47	99.7237
mega-hit_mega-hit	41	40	26407	80	88.3089	148	56	99.1562
rnaviralSpades_rnaviralSpades	40	38	26648	76	89.1148	145	56	98.428
rnaSpades_soft	49	49	21612	98	72.2737	116	47	99.7237
mega-hit_shorts	105	68	17693	158	59.168	233	140	55.1378
rnaSpades_trans	28	1	29872	4	99.8963	203	70	89.9155
mega-hit_mega-hit	36	1	29827	2	99.7458	200	70	73.476
rnaviralSpades_rnaviralSpades	59	6	29833	12	99.7659	198	70	64.6731
rnaSpades_soft	28	1	29872	4	99.8963	203	70	89.9155
mega-hit_shorts	42	32	13757	64	46.0054	113	53	49.4403
rnaSpades_trans	32	22	7463	44	24.9574	69	44	34.0208
mega-hit_mega-hit	42	32	13757	64	46.0054	113	53	49.3852
rnaviralSpades_rnaviralSpades	50	39	16464	78	55.058	130	53	55.2052
rnaSpades_soft	32	22	7463	44	24.9574	69	44	34.0208
mega-hit_shorts	33	21	5553	64	18.57	47	118	63.6458
mimia_gatb	42	2	29721	4	99.3914	159	30	60.7519
rnaSpades_trans	259	2	29877	6	99.9131	161	56	35.1096
mega-hit_mega-hit	38	1	29862	2	99.8629	161	56	73.8851
rnaviralSpades_rnaviralSpades	214	6	29836	12	99.7759	160	56	35.2921
rnaSpades_soft	259	2	29877	6	99.9131	161	56	35.1096
mega-hit_shorts	38	37	27406	74	91.6497	40	0	99.0691
mimia_gatb	36	36	24027	72	80.3498	29	0	99.8963
rnaSpades_trans	49	49	26263	98	87.8273	29	0	99.7841
mega-hit_mega-hit	38	37	27406	74	91.6497	40	0	99.0691
rnaviralSpades_rnaviralSpades	36	35	27704	70	92.6462	44	0	99.071
rnaSpades_soft	49	49	26263	98	87.8273	29	0	99.7841
mega-hit_shorts	27	23	9302	46	31.1072	66	9	91.261
mimia_gatb	17	9	2814	18	9.4104	21	9	61.2861
rnaSpades_trans	35	17	4437	34	14.838	25	9	49.5493
mega-hit_mega-hit	33	23	9482	46	31.7092	66	9	79.9261
rnaviralSpades_rnaviralSpades	38	34	12707	68	42.4941	84	10	93.0567
rnaSpades_soft	35	17	4437	34	14.838	25	9	49.5493
mega-hit_shorts	2206	51	10654	128	35.6285	264	157	1.0803
rnaSpades_trans	1596	1	29844	2	99.8027	196	70	2.5039
mega-hit_mega-hit	2166	1	29592	2	98.96	196	44	2.7445
rnaviralSpades_rnaviralSpades	2672	4	29823	8	99.7325	193	70	2.394
rnaSpades_soft	1596	1	29844	2	99.8027	196	70	2.5039
mega-hit_shorts	67	63	17718	144	59.2516	166	73	84.9504
rnaSpades_trans	2	1	29864	4	99.8696	172	56	99.6205
mega-hit_mega-hit	5	1	29842	2	99.796	171	56	96.9786
rnaviralSpades_rnaviralSpades	16	10	29822	20	99.7291	169	56	95.2852
rnaSpades_soft	2	1	29864	4	99.8696	172	56	99.6205
mimia_gatb	17	17	26788	34	89.583	42	1	99.8965
rnaSpades_trans	37	37	26156	76	87.4695	55	0	99.6249
mega-hit_mega-hit	14	14	28390	28	94.9403	45	14	99.8733
rnaviralSpades_rnaviralSpades	15	15	28643	30	95.7864	60	14	99.6464
rnaSpades_soft	37	37	26156	76	87.4695	55	0	99.6249
mega-hit_shorts	42	36	27362	72	91.5025	66	0	93.8474
mimia_gatb	36	35	26019	70	87.0113	61	0	98.9401
rnaSpades_trans	40	38	26375	76	88.2019	51	0	97.6486
mega-hit_mega-hit	42	36	27362	72	91.5025	66	0	93.8474
rnaviralSpades_rnaviralSpades	45	35	28097	70	93.9605	74	0	90.9126
rnaSpades_soft	40	38	26375	76	88.2019	51	0	97.6486
mega-hit_shorts	157	6	29726	12	99.4081	174	74	39.2177
mimia_gatb	57	8	29054	16	97.1608	175	47	66.2306
rnaSpades_trans	98	12	29547	26	98.8095	174	56	55.736
mega-hit_mega-hit	157	4	29733	8	99.4315	174	56	39.0518
rnaviralSpades_rnaviralSpades	219	4	29766	8	99.5419	175	56	32.1476
rnaSpades_soft	98	12	29547	26	98.8095	174	56	55.736
mega-hit_shorts	55	51	22998	102	76.9087	141	0	95.1214
mimia_gatb	28	26	25807	52	86.3024	56	0	97.7723
rnaSpades_trans	42	38	26468	76	88.5129	55	0	96.3399
mega-hit_mega-hit	32	28	27744	56	92.78	81	0	95.878
rnaviralSpades_rnaviralSpades	32	27	28178	54	94.2313	86	0	94.9478
rnaSpades_soft	42	38	26468	76	88.5129	55	0	96.3399
mega-hit_shorts	12	5	29471	10	98.5553	186	70	93.183
mimia_gatb	9	6	28632	12	95.7496	187	70	96.3647
rnaSpades_trans	18	11	29336	22	98.1039	189	70	93.404
mega-hit_mega-hit	12	4	29487	8	98.6088	186	70	91.7807
rnaviralSpades_rnaviralSpades	16	8	29730	16	99.4215	189	70	91.2014
rnaSpades_soft	18	11	29336	22	98.1039	189	70	93.404
mega-hit_shorts	172	32	26842	64	89.7636	101	0	33.6498
mimia_gatb	103	30	26142	60	87.4227	71	0	48.7142
rnaSpades_trans	128	37	26239	74	87.747	62	0	44.7974
mega-hit_mega-hit	171	32	27482	64	91.9038	86	0	34.087
rnaviralSpades_rnaviralSpades	213	31	27851	62	93.1378	90	0	29.4913
rnaSpades_soft	128	37	26239	74	87.747	62	0	44.7974
mega-hit_shorts	94	73	23232	152	77.6912	200	77	68.7682
rnaSpades_trans	26	1	29851	2	99.8261	175	56	79.013
mega-hit_mega-hit	28	1	29866	2	99.8763	175	56	75.7079
rnaviralSpades_rnaviralSpades	27	4	29824	8	99.7358	171	56	76.7567
rnaSpades_soft	26	1	29851	2	99.8261	175	56	79.013
mega-hit_shorts	33	33	27637	66	92.4222	67	0	99.7849
mimia_gatb	26	26	24747	52	82.7576	44	0	99.9314
rnaSpades_trans	36	36	26802	72	89.6298	55	0	99.7935
mega-hit_mega-hit	33	33	27637	66	92.4222	67	0	99.7849
rnaviralSpades_rnaviralSpades	33	33	27870	66	93.2014	73	0	99.78
rnaSpades_soft	36	36	26802	72	89.6298	55	0	99.7935
mega-hit_shorts	388	37	27147	74	90.7835	83	0	13.7169
mimia_gatb	281	37	25537	74	85.3995	67	0	18.2695
rnaSpades_trans	327	41	26220	82	87.6835	56	0	17.5046
mega-hit_mega-hit	390	37	27147	74	90.7835	83	0	13.6797
rnaviralSpades_rnaviralSpades	468	34	27697	68	92.6228	87	0	12.2224
rnaSpades_soft	327	41	26220	82	87.6835	56	0	17.5046
mega-hit_shorts	67	20	6627	40	22.1617	35	9	31.945
rnaSpades_trans	40	12	3098	24	10.3602	19	0	28.4664
mega-hit_mega-hit	66	20	6627	40	22.1617	35	9	32.0158
rnaviralSpades_rnaviralSpades	90	28	8884	56	29.7094	47	11	32.5673
rnaSpades_soft	40	12	3098	24	10.3602	19	0	28.4664
mega-hit_shorts	49	49	19165	98	64.0906	17	0	99.8239
mimia_gatb	41	41	13556	82	45.3332	12	0	99.8609
rnaSpades_trans	43	43	14646	86	48.9784	20	0	99.7047
mega-hit_mega-hit	49	49	19165	98	64.0906	17	0	99.8239
rnaviralSpades_rnaviralSpades	51	50	21661	100	72.4375	32	0	98.748
rnaSpades_soft	43	43	14646	86	48.9784	20	0	99.7047
rnaviralSpades_rnaviralSpades	3	1	237	2	0.7926	0	0	36.5177
mimia_gatb	219	8	29253	16	97.8263	147	30	31.083
rnaSpades_trans	980	67	29790	188	99.6221	153	56	23.3973
mega-hit_mega-hit	426	2	29865	4	99.8729	155	56	18.4154
rnaviralSpades_rnaviralSpades	1257	6	29749	12	99.485	153	56	8.1554
rnaSpades_soft	980	67	29790	188	99.6221	153	56	23.3973
mega-hit_shorts	32	3	29721	6	99.3914	144	59	79.5208
rnaSpades_trans	25	11	29698	22	99.3145	139	59	88.5967
mega-hit_mega-hit	31	3	29721	6	99.3914	141	59	79.9429
rnaviralSpades_rnaviralSpades	46	5	29821	10	99.7258	137	59	73.2046
rnaSpades_soft	25	11	29698	22	99.3145	139	59	88.5967
mega-hit_shorts	24	2	655	4	2.1904	4	9	5.8969
mimia_gatb	10	2	544	4	1.8192	4	9	7.7458
rnaSpades_trans	15	2	666	4	2.2272	4	9	7.66
mega-hit_mega-hit	20	2	655	4	2.1904	4	9	5.8177
rnaviralSpades_rnaviralSpades	25	3	911	6	3.0465	6	9	7.0918
rnaSpades_soft	15	2	666	4	2.2272	4	9	7.66
mega-hit_shorts	40	20	4520	42	15.1155	263	12	45.1647
mimia_gatb	12	3	29835	6	99.7726	190	70	92.4885
rnaSpades_trans	10	1	29851	2	99.8261	191	72	92.2041
mega-hit_mega-hit	21	1	29862	2	99.8629	192	70	84.1906
rnaviralSpades_rnaviralSpades	30	4	29827	8	99.7458	188	70	80.4213
rnaSpades_soft	10	1	29851	2	99.8261	191	72	92.2041
mega-hit_shorts	87	4	29812	8	99.6957	131	59	48.3821
rnaSpades_trans	62	6	29799	12	99.6522	133	59	60.7005
mega-hit_mega-hit	86	3	29853	6	99.8328	133	59	48.5731
rnaviralSpades_rnaviralSpades	118	4	29821	8	99.7258	129	59	42.1922
rnaSpades_soft	62	6	29799	12	99.6522	133	59	60.7005
mega-hit_shorts	171	43	19159	86	64.0705	115	38	37.7085
mimia_gatb	215	35	13192	70	44.116	94	38	20.3332
rnaSpades_trans	819	48	18883	96	63.1475	131	53	7.744
mega-hit_mega-hit	189	43	19160	86	64.0738	115	38	34.316
rnaviralSpades_rnaviralSpades	831	47	22530	94	75.3436	139	55	9.4374
rnaSpades_soft	819	48	18883	96	63.1475	131	53	7.744
mega-hit_shorts	188	1	279	2	0.933	3	0	0.409
mega-hit_mega-hit	189	1	279	2	0.933	3	0	0.4077
rnaviralSpades_rnaviralSpades	239	2	578	4	1.9329	9	9	0.6579
mega-hit_shorts	29	29	27365	58	91.5126	78	0	99.8696
mimia_gatb	28	28	25949	56	86.7772	54	0	99.8269
rnaSpades_trans	39	39	27480	78	91.8971	49	0	99.7168
mega-hit_mega-hit	29	29	28084	58	93.917	64	0	99.8131
rnaviralSpades_rnaviralSpades	30	30	28333	60	94.7497	67	0	99.6965
rnaSpades_soft	39	39	27480	78	91.8971	49	0	99.7168
mega-hit_shorts	30	25	8243	50	27.5658	64	21	87.7473
mimia_gatb	23	10	2763	20	9.2399	34	0	45.9791
rnaSpades_trans	35	15	3990	30	13.3431	33	0	42.9999
mega-hit_mega-hit	37	24	7949	50	26.5826	55	21	71.6893
rnaviralSpades_rnaviralSpades	40	31	10500	62	35.1135	80	14	82.7221
rnaSpades_soft	35	15	3990	30	13.3431	33	0	42.9999
mega-hit_shorts	67	43	14273	86	47.731	8	0	66.8883
mimia_gatb	30	20	5757	40	19.2522	5	0	66.8326
rnaSpades_trans	40	27	7481	54	25.0176	12	0	65.3703
mega-hit_mega-hit	68	43	14273	86	47.731	8	0	66.1787
rnaviralSpades_rnaviralSpades	86	49	16398	98	54.8373	18	0	60.1762
rnaSpades_soft	40	27	7481	54	25.0176	12	0	65.3703
mega-hit_shorts	2	2	457	4	1.5283	0	0	100
mimia_gatb	1	1	232	2	0.7758	0	0	100
rnaSpades_trans	1	1	247	2	0.826	0	0	98.8
mega-hit_mega-hit	2	2	457	4	1.5283	0	0	100
rnaviralSpades_rnaviralSpades	2	2	488	4	1.6319	1	0	99.389
rnaSpades_soft	1	1	247	2	0.826	0	0	98.8
mega-hit_shorts	91	3	29777	6	99.5786	137	59	57.1061
mimia_gatb	119	2	29547	4	98.8095	133	59	38.7672
rnaSpades_trans	641	3	29788	6	99.6154	137	59	12.7889
mega-hit_mega-hit	136	2	29777	4	99.5786	137	59	45.9638
rnaviralSpades_rnaviralSpades	493	2	29769	4	99.5519	137	59	17.7011
rnaSpades_soft	641	3	29788	6	99.6154	137	59	12.7889
mega-hit_shorts	60	47	23615	94	78.972	31	2	86.7954
mimia_gatb	60	54	20772	108	69.4646	27	1	93.1449
rnaSpades_trans	67	58	20925	116	69.9763	36	1	88.9351
mega-hit_mega-hit	61	47	23615	94	78.972	31	2	86.0512
rnaviralSpades_rnaviralSpades	69	48	24407	96	81.6206	42	1	81.0215
rnaSpades_soft	67	58	20925	116	69.9763	36	1	88.9351
mega-hit_shorts	60	34	27949	68	93.4655	86	0	44.5994
mimia_gatb	51	30	25636	60	85.7305	55	0	44.2458
rnaSpades_trans	68	37	26252	74	87.7905	55	0	43.2947
mega-hit_mega-hit	60	34	27975	68	93.5525	87	0	44.4814
rnaviralSpades_rnaviralSpades	61	32	28143	64	94.1143	86	0	44.153
rnaSpades_soft	68	37	26252	74	87.7905	55	0	43.2947
mega-hit_shorts	38	38	26548	76	88.7804	60	0	99.8166
mimia_gatb	39	39	24568	78	82.159	45	0	99.8303
rnaSpades_trans	44	44	24382	88	81.537	48	0	99.7862
mega-hit_mega-hit	38	38	26548	76	88.7804	60	0	99.8166
rnaviralSpades_rnaviralSpades	38	38	26826	76	89.7101	69	0	99.7421
rnaSpades_soft	44	44	24382	88	81.537	48	0	99.7862
mega-hit_shorts	716	4	2302	8	7.6982	14	35	1.0725
mimia_gatb	411	4	1018	8	3.4043	5	26	0.8411
rnaSpades_trans	568	7	2189	14	7.3203	11	35	1.3934
mega-hit_mega-hit	727	4	2302	8	7.6982	14	35	1.0081
rnaviralSpades_rnaviralSpades	1148	5	2638	10	8.8219	13	26	0.8564
rnaSpades_soft	568	7	2189	14	7.3203	11	35	1.3934
mega-hit_shorts	2863	15	2470	44	8.26	98	28	0.191
rnaSpades_trans	2093	1	29872	4	99.8963	167	56	4.0277
mega-hit_mega-hit	2933	2	29825	4	99.7392	165	56	2.0859
rnaviralSpades_rnaviralSpades	3766	20	29822	40	99.7291	163	56	1.7583
rnaSpades_soft	2093	1	29872	4	99.8963	167	56	4.0277
mega-hit_shorts	150	5	29311	12	98.0203	196	70	41.1405
mimia_gatb	55	6	28536	14	95.4286	193	44	66.3347
rnaSpades_trans	79	12	29281	26	97.9199	200	70	60.9153
mega-hit_mega-hit	153	5	29312	12	98.0236	196	70	40.7709
rnaviralSpades_rnaviralSpades	190	7	29309	14	98.0136	196	70	34.7887
rnaSpades_soft	79	12	29281	26	97.9199	200	70	60.9153
mega-hit_shorts	20	13	3362	26	11.243	21	9	61.1415
mimia_gatb	10	5	1154	10	3.8591	8	9	40.8371
rnaSpades_trans	8	3	709	6	2.371	4	9	27.7514
mega-hit_mega-hit	19	13	3362	26	11.243	21	9	56.2018
rnaviralSpades_rnaviralSpades	28	20	5477	40	18.3159	37	12	67.7619
rnaSpades_soft	8	3	709	6	2.371	4	9	27.7514
mega-hit_shorts	12	10	29806	20	99.6756	156	56	97.9977
rnaSpades_trans	22	11	29842	22	99.796	160	56	91.7797
mega-hit_mega-hit	14	5	29809	10	99.6857	156	56	93.7055
rnaviralSpades_rnaviralSpades	19	12	29619	24	99.0503	157	56	94.9013
rnaSpades_soft	22	11	29842	22	99.796	160	56	91.7797
mega-hit_shorts	53	17	5177	34	17.3126	45	18	29.5848
mimia_gatb	14	3	803	6	2.6853	6	0	14.4321
rnaSpades_trans	19	5	1160	10	3.8792	16	0	17.0413
mega-hit_mega-hit	54	18	5410	36	18.0918	45	18	30.6642
rnaviralSpades_rnaviralSpades	73	24	7870	48	26.3184	55	18	32.2532
rnaSpades_soft	19	5	1160	10	3.8792	16	0	17.0413
mega-hit_shorts	30	30	28085	60	93.9203	70	0	99.7247
mimia_gatb	23	23	25133	46	84.0484	49	0	99.9642
rnaSpades_trans	34	34	27289	68	91.2584	54	0	99.7937
mega-hit_mega-hit	30	30	28085	60	93.9203	70	0	99.7247
rnaviralSpades_rnaviralSpades	29	29	28559	58	95.5055	74	0	99.6954
rnaSpades_soft	34	34	27289	68	91.2584	54	0	99.7937
mega-hit_shorts	23	17	29650	34	99.1539	155	56	94.7258
mimia_gatb	6	1	29702	2	99.3278	154	30	95.6945
rnaSpades_trans	13	1	29857	2	99.8462	156	58	90.061
mega-hit_mega-hit	11	2	29845	4	99.806	155	56	93.4458
rnaviralSpades_rnaviralSpades	11	9	29820	18	99.7224	151	56	98.4748
rnaSpades_soft	13	1	29857	2	99.8462	156	58	90.061
mega-hit_shorts	33	33	27790	66	92.9338	68	0	99.6192
mimia_gatb	31	31	25941	62	86.7505	61	0	99.8001
rnaSpades_trans	36	36	26786	72	89.5763	52	0	99.7934
mega-hit_mega-hit	33	33	27790	66	92.9338	68	0	99.6192
rnaviralSpades_rnaviralSpades	32	32	28290	64	94.6059	74	0	99.6995
rnaSpades_soft	36	36	26786	72	89.5763	52	0	99.7934
mega-hit_shorts	76	34	11846	72	39.6148	143	52	45.5687
mimia_gatb	65	2	29786	4	99.6087	167	56	53.8246
rnaSpades_trans	464	1	29860	4	99.8562	173	56	21.2773
mega-hit_mega-hit	90	1	29860	2	99.8562	173	56	54.5202
rnaviralSpades_rnaviralSpades	309	5	29866	12	99.8763	171	56	26.5889
rnaSpades_soft	464	1	29860	4	99.8562	173	56	21.2773
mega-hit_shorts	30	8	29738	16	99.4482	199	75	78.3099
mimia_gatb	14	8	28531	16	95.4118	191	72	81.6009
rnaSpades_trans	29	19	29606	38	99.0068	196	72	78.3397
mega-hit_mega-hit	25	8	29738	16	99.4482	195	72	76.741
rnaviralSpades_rnaviralSpades	30	9	29791	18	99.6255	192	72	75.6164
rnaSpades_soft	29	19	29606	38	99.0068	196	72	78.3397
mega-hit_shorts	551	43	23359	86	78.1159	41	0	11.5998
mimia_gatb	372	51	18574	102	62.1142	27	0	14.5288
rnaSpades_trans	426	50	18308	100	61.2246	34	0	13.1273
mega-hit_mega-hit	552	43	23359	86	78.1159	41	0	11.5831
rnaviralSpades_rnaviralSpades	726	45	24569	90	82.1623	50	0	9.8002
rnaSpades_soft	426	50	18308	100	61.2246	34	0	13.1273
mega-hit_shorts	63	31	25980	62	86.8809	89	0	50.6159
mimia_gatb	59	27	25365	54	84.8243	58	0	52.035
rnaSpades_trans	76	37	26317	74	88.0079	54	0	52.5077
mega-hit_mega-hit	65	33	27906	66	93.3217	78	0	52.4301
rnaviralSpades_rnaviralSpades	66	32	28189	64	94.2681	90	0	52.0667
rnaSpades_soft	76	37	26317	74	88.0079	54	0	52.5077
mega-hit_shorts	2226	31	27766	62	92.8536	78	0	3.2107
mimia_gatb	1174	25	25670	50	85.8442	66	0	5.3099
rnaSpades_trans	1753	38	26541	76	88.757	59	0	3.7504
mega-hit_mega-hit	2232	31	27766	62	92.8536	78	0	3.2014
rnaviralSpades_rnaviralSpades	2674	31	28081	62	93.907	86	0	2.7986
rnaSpades_soft	1753	38	26541	76	88.757	59	0	3.7504
mega-hit_shorts	235	27	11369	54	38.0196	69	29	16.7598
mimia_gatb	176	13	5749	26	19.2255	46	11	9.1886
rnaSpades_trans	701	35	11490	70	38.4242	68	24	5.1935
mega-hit_mega-hit	272	24	10811	48	36.1536	65	27	13.3
rnaviralSpades_rnaviralSpades	818	39	14727	78	49.2492	84	60	7.0774
rnaSpades_soft	701	35	11490	70	38.4242	68	24	5.1935
mega-hit_shorts	32	11	3246	22	10.8551	16	0	30.476
rnaSpades_trans	10	1	225	2	0.7524	2	0	6.6274
mega-hit_mega-hit	32	11	3246	22	10.8551	16	0	30.476
rnaviralSpades_rnaviralSpades	68	16	4868	32	16.2793	27	0	24.8786
rnaSpades_soft	10	1	225	2	0.7524	2	0	6.6274
mega-hit_shorts	86	26	8717	52	29.1509	48	18	29.348
mimia_gatb	31	6	3178	12	10.6277	23	9	25.255
rnaSpades_trans	53	9	3297	18	11.0256	23	9	19.3823
mega-hit_mega-hit	86	26	8717	52	29.1509	48	18	29.3193
rnaviralSpades_rnaviralSpades	106	32	10641	64	35.5851	52	18	29.4553
rnaSpades_soft	53	9	3297	18	11.0256	23	9	19.3823
mega-hit_shorts	1500	1	228	2	0.7625	0	0	0.0475
mega-hit_mega-hit	1522	1	228	2	0.7625	0	0	0.047
rnaviralSpades_rnaviralSpades	2301	1	243	2	0.8126	0	0	0.034
mimia_gatb	19	19	27565	38	92.1814	63	26	99.7762
rnaSpades_trans	40	40	26975	80	90.2083	58	0	99.6033
mega-hit_mega-hit	16	16	29106	32	97.3347	64	0	99.7573
rnaviralSpades_rnaviralSpades	16	16	29155	32	97.4986	72	1	99.6941
rnaSpades_soft	40	40	26975	80	90.2083	58	0	99.6033
mega-hit_shorts	1108	55	12997	120	43.4639	143	64	2.2718
rnaSpades_trans	745	1	29865	4	99.8729	157	56	12.9184
mega-hit_mega-hit	1063	2	29816	4	99.7091	155	56	4.9272
rnaviralSpades_rnaviralSpades	1316	25	29746	56	99.475	167	59	4.3348
rnaSpades_soft	745	1	29865	4	99.8729	157	56	12.9184
mega-hit_shorts	122	36	16305	72	54.5263	100	45	40.696
mimia_gatb	147	23	9076	46	30.3515	60	44	15.8908
rnaSpades_trans	844	46	16695	92	55.8305	118	46	6.7045
mega-hit_mega-hit	138	37	17105	74	57.2016	99	45	36.4212
rnaviralSpades_rnaviralSpades	398	41	17932	82	59.9672	123	45	15.6955
rnaSpades_soft	844	46	16695	92	55.8305	118	46	6.7045
mega-hit_shorts	13	13	3735	26	12.4904	15	9	100
mimia_gatb	2	2	435	4	1.4547	2	0	100
rnaSpades_trans	4	4	985	8	3.294	2	0	100
mega-hit_mega-hit	14	14	3942	28	13.1826	15	9	100
rnaviralSpades_rnaviralSpades	22	22	6336	44	21.1885	37	14	99.9055
rnaSpades_soft	4	4	985	8	3.294	2	0	100
mega-hit_shorts	86	48	25952	108	86.7873	148	27	68.5949
mimia_gatb	126	1	29644	2	99.1339	139	36	42.4421
rnaSpades_trans	575	1	29833	4	99.7659	141	62	14.5216
mega-hit_mega-hit	71	2	29812	6	99.6957	140	62	60.6029
rnaviralSpades_rnaviralSpades	370	17	29490	34	98.6189	138	62	23.8289
rnaSpades_soft	575	1	29833	4	99.7659	141	62	14.5216
mega-hit_shorts	41	37	26853	74	89.8004	66	0	95.8109
mimia_gatb	37	34	24349	68	81.4266	54	0	96.8587
rnaSpades_trans	44	41	26062	82	87.1551	49	0	97.1481
mega-hit_mega-hit	41	37	26853	74	89.8004	66	0	95.8109
rnaviralSpades_rnaviralSpades	39	35	27221	70	91.031	74	0	95.5761
rnaSpades_soft	44	41	26062	82	87.1551	49	0	97.1481
mega-hit_shorts	149	38	9941	76	33.2442	318	49	26.0623
mimia_gatb	48	3	29849	6	99.8194	206	70	71.2611
rnaSpades_trans	294	2	29860	4	99.8562	215	70	28.2628
mega-hit_mega-hit	108	1	29815	2	99.7057	204	70	49.82
rnaviralSpades_rnaviralSpades	476	4	29826	8	99.7425	202	70	19.6533
rnaSpades_soft	294	2	29860	4	99.8562	215	70	28.2628
mega-hit_shorts	72	44	23791	88	79.5606	254	26	62.4345
mimia_gatb	3	1	29693	2	99.2977	201	44	67.0335
rnaSpades_trans	4	2	29869	4	99.8863	203	70	66.5346
mega-hit_mega-hit	3	1	29824	2	99.7358	200	70	65.3753
rnaviralSpades_rnaviralSpades	6	4	29830	8	99.7559	198	70	65.38
rnaSpades_soft	4	2	29869	4	99.8863	203	70	66.5346
