sample	fragment_num	mapped_fragment_num	mapped_ref_bases	BreakPoint	cov	snp	indel	signal_ratio
R7.Test112	1751	1	29822	2	99.7291	162	67	5.2286
R7.Test178	3386	1	29867	2	99.8796	192	70	1.9167
R7.Test200	1730	9	29433	18	98.4283	159	56	3.6938
R7.Test77	559	1	29825	2	99.7392	147	67	9.4601
R7.Test78	74	3	29847	6	99.8127	168	64	56.5562
R7.Test19	2754	1	29840	2	99.7893	174	64	2.0983
R7.Test90	121	2	29846	4	99.8094	132	65	48.1301
R7.Test15	3153	2	29843	4	99.7994	196	70	2.0958
R7.Test188	203	1	29828	2	99.7492	141	56	26.7412
R7.Test142	304	1	29629	2	99.0837	188	44	23.1668
R7.Test80	1768	2	29824	4	99.7358	152	56	4.8931
R7.Test55	433	1	29834	2	99.7693	154	56	18.2350
R7.Test59	2273	1	29770	2	99.5552	190	70	3.3013
R7.Test118	952	1	29827	2	99.7458	200	70	7.3789
R7.Test71	1006	1	29843	2	99.7994	180	64	6.6995
R7.Test172	780	2	29803	4	99.6656	144	59	10.5493
R7.Test148	871	1	29817	2	99.7124	204	70	9.0808
R7.Test182	470	1	29871	2	99.8930	136	59	16.6566
R7.Test105	384	1	29826	2	99.7425	192	70	17.1711
R7.Test74	205	3	29771	6	99.5586	161	56	33.3028
R7.Test30	138	2	29859	4	99.8529	139	62	45.2427
R7.Test106	276	1	29874	2	99.9030	177	61	25.2053
R7.Test197	227	1	29824	2	99.7358	200	70	19.5774
R7.Test157	413	1	29874	2	99.9030	149	56	21.7926
R7.Test2	2187	2	29788	4	99.6154	200	70	2.5181
R7.Test174	76	3	29759	6	99.5184	161	58	60.2817
R7.Test64	83	3	29771	6	99.5586	161	56	53.9587
R7.Test50	194	1	29849	2	99.8194	156	56	35.8046
R7.Test61	2944	2	29855	4	99.8395	121	56	1.4808
R7.Test184	137	1	29862	2	99.8629	192	70	31.6402
R7.Test89	19702	2	29861	4	99.8595	139	62	0.2072
R7.Test85	3063	38	23372	76	78.1594	119	56	1.5992
R7.Test95	241	1	29871	2	99.8930	136	59	26.0278
R7.Test10	2514	1	29828	2	99.7492	105	53	2.9175
R7.Test99	5737	38	27128	76	90.7200	161	56	1.1893
R7.Test4	936	2	29881	4	99.9264	165	56	8.8580
R7.Test114	1142	1	29849	4	99.8194	155	56	4.7764
R7.Test68	889	1	29862	2	99.8629	192	70	7.4395
R7.Test67	343	1	29873	2	99.8997	136	59	21.6164
R7.Test196	582	2	29875	4	99.9064	155	56	14.5102
R7.Test107	9690	42	24519	84	81.9951	148	45	0.4196
R7.Test156	355	3	29813	6	99.6990	144	56	21.4544
R7.Test195	3174	2	29825	4	99.7392	165	56	1.9937
R7.Test35	315	1	29856	2	99.8428	142	62	19.6989
R7.Test39	740	3	29843	6	99.7994	167	56	8.4566
R7.Test155	271	1	29855	2	99.8395	157	56	20.1628
R7.Test144	2271	1	29865	2	99.8729	198	62	2.5902
R7.Test75	1538	2	29803	4	99.6656	121	58	5.3786
R7.Test79	1843	2	29821	4	99.7258	193	64	3.8797
R7.Test18	309	2	29774	4	99.5686	119	57	21.6357
R7.Test139	418	7	29499	14	98.6490	108	47	19.8467
R7.Test158	54	22	28605	44	95.6593	60	9	70.7706
R7.Test198	3092	2	29878	4	99.9164	155	56	1.9367
R7.Test104	424	2	29818	8	99.7157	166	56	30.4743
R7.Test58	11630	21	27127	42	90.7167	78	50	0.2383
R7.Test147	6390	5	29723	10	99.3981	191	70	1.1680
R7.Test46	95	3	29759	6	99.5184	161	58	49.0684
R7.Test163	685	16	29117	32	97.3715	69	3	11.7458
R7.Test57	10884	3	29759	6	99.5184	161	58	0.2680
R7.Test130	231	2	29708	4	99.3479	169	59	32.1266
R7.Test117	410	1	29880	2	99.9231	155	56	17.3521
R7.Test17	190	1	29852	2	99.8294	157	56	31.8293
R7.Test192	209	1	29818	2	99.7157	205	70	25.4899
R7.Test152	150	2	29865	4	99.8729	163	58	36.9280
R7.Test22	829	1	29865	2	99.8729	142	62	9.8228
R7.Test133	7307	3	29837	6	99.7793	116	53	1.0406
R7.Test14	35	1	29875	2	99.9064	155	58	76.2590
R7.Test43	1708	1	29824	2	99.7358	200	70	5.1817
R7.Test121	195	1	29836	2	99.7759	199	90	31.4977
R7.Test54	9329	2	29861	4	99.8595	148	56	0.5186
R7.Test187	9886	2	29852	8	99.8294	131	61	0.5011
R7.Test169	2979	1	29864	2	99.8696	155	56	2.0998
R7.Test60	1719	19	29247	38	97.8062	113	47	4.9761
R7.Test11	2607	11	29733	22	99.4315	159	56	1.5667
R7.Test177	3112	1	29824	2	99.7358	155	56	2.4598
R7.Test51	423	1	29880	2	99.9231	193	70	13.2717
R7.Test160	161	1	29816	2	99.7091	140	64	38.5785
R7.Test146	875	1	29861	2	99.8595	172	56	6.6282
R7.Test131	875	1	29856	2	99.8428	169	56	11.0462
R7.Test42	4055	1	29877	2	99.9131	163	56	1.4948
R7.Test123	506	2	29793	4	99.6321	125	61	11.5168
R7.Test23	6951	1	29879	2	99.9197	157	56	1.0573
R7.Test154	9591	15	29673	32	99.2308	158	56	0.5224
R7.Test108	2438	1	29886	2	99.9431	129	56	1.5861
R7.Test194	280	1	29869	2	99.8863	147	56	21.0577
R7.Test88	2588	1	29815	2	99.7057	204	70	1.5572
R7.Test145	113	2	29859	4	99.8529	139	62	42.9543
R7.Test98	976	2	29869	4	99.8863	182	70	7.1955
R7.Test34	1330	1	29873	2	99.8997	136	59	5.4372
R7.Test70	2698	3	29771	8	99.5586	161	56	2.2706
R7.Test97	636	1	29832	2	99.7626	154	56	12.1509
R7.Test116	1759	2	29827	4	99.7458	150	56	3.5120
R7.Test87	603	2	29867	4	99.8796	140	62	12.9869
R7.Test115	301	2	29861	4	99.8595	139	62	18.3211
R7.Test31	309	4	29771	10	99.5586	161	56	17.5875
R7.Test129	12038	10	29858	20	99.8495	151	55	0.2633
R7.Test186	1732	1	29860	2	99.8562	160	56	5.0078
R7.Test38	3252	6	29591	12	98.9566	113	56	2.0263
R7.Test161	546	1	29833	2	99.7659	171	56	14.1446
R7.Test94	3494	3	29825	6	99.7392	162	56	1.8614
R7.Test185	210	1	29860	2	99.8562	196	58	33.0049
R7.Test84	180	1	29836	2	99.7759	133	67	31.5678
R7.Test102	2355	1	29816	2	99.7091	198	90	2.4528
R7.Test26	1242	1	29813	2	99.6990	155	56	4.2441
R7.Test120	502	17	29356	34	98.1708	106	9	14.0380
R7.Test37	1162	1	29824	2	99.7358	157	64	5.5398
R7.Test175	375	2	29834	4	99.7693	170	56	23.0131
R7.Test91	685	1	29838	2	99.7826	173	64	8.0349
R7.Test176	197	2	29797	4	99.6455	155	64	27.7701
R7.Test81	11656	2	29862	4	99.8629	113	53	0.2647
R7.Test69	11673	2	29874	4	99.9030	148	56	0.2611
R7.Test65	713	9	29187	18	97.6056	88	30	10.2525
R7.Test93	205	2	29818	8	99.7157	162	56	49.0879
R7.Test127	2191	32	15358	64	51.3594	88	18	1.3501
R7.Test166	2469	1	29812	2	99.6957	187	56	1.6077
R7.Test83	3776	2	29819	4	99.7191	153	56	1.7325
R7.Test28	354	33	28423	66	95.0507	119	54	23.7804
R7.Test36	2761	11	28905	22	96.6625	75	0	2.6073
R7.Test165	2091	2	29819	4	99.7191	161	56	3.0369
R7.Test181	695	2	29875	4	99.9064	155	56	11.0744
R7.Test171	525	3	29806	6	99.6756	192	56	15.3573
R7.Test27	151	15	28948	30	96.8063	61	18	44.5623
R7.Test52	144	1	29862	2	99.8629	192	70	37.1280
R7.Test7	2982	2	29771	4	99.5586	165	56	2.0625
R7.Test135	392	3	29770	6	99.5552	161	58	22.6355
R7.Test33	4067	1	29821	2	99.7258	194	70	1.6871
R7.Test141	402	1	29835	2	99.7726	141	59	13.6493
R7.Test136	2194	3	29782	6	99.5954	202	70	3.9720
R7.Test96	278	40	19562	80	65.4182	138	53	20.5793
R7.Test12	1841	1	29818	2	99.7157	152	56	4.2366
R7.Test24	175	1	29870	2	99.8896	192	70	39.1157
R7.Test86	2551	1	29870	2	99.8896	151	56	3.2943
R7.Test111	556	1	29814	2	99.7024	112	64	11.5303
R7.Test21	815	1	29871	2	99.8930	136	59	9.1615
R7.Test32	5650	1	29819	2	99.7191	174	70	1.3054
R7.Test125	158	1	29860	2	99.8562	173	56	41.0269
R7.Test53	320	1	29863	2	99.8662	129	53	18.0360
R7.Test170	1378	1	29824	2	99.7358	200	70	6.3584
R7.Test189	525	1	29863	2	99.8662	183	70	16.6005
R7.Test44	448	4	29806	8	99.6756	150	56	16.8740
R7.Test13	1429	1	29817	2	99.7124	190	70	6.1405
R7.Test143	111	1	29824	2	99.7358	200	70	40.4676
R7.Test126	1156	1	29820	2	99.7224	166	56	6.5619
R7.Test167	258	1	29820	2	99.7224	170	56	28.9190
R7.Test179	4153	2	29813	4	99.6990	148	53	1.2531
R7.Test180	320	1	29824	2	99.7358	155	56	23.5837
R7.Test6	162	1	29827	2	99.7458	151	56	41.6442
R7.Test41	641	1	29858	2	99.8495	145	56	13.3435
R7.Test113	85	1	29869	2	99.8863	161	56	53.8180
R7.Test82	643	20	29063	40	97.1909	76	35	12.2928
R7.Test137	1785	1	29830	2	99.7559	142	59	4.0547
R7.Test92	448	1	29827	2	99.7458	200	70	17.4603
R7.Test16	1277	1	29856	2	99.8428	161	56	5.9223
R7.Test56	223	1	29813	2	99.6990	139	53	30.8839
R7.Test183	333	1	29840	2	99.7893	170	56	24.4610
R7.Test48	13876	2	29843	4	99.7994	196	70	0.2425
R7.Test110	225	1	29809	2	99.6857	173	56	25.0391
R7.Test149	893	1	29876	2	99.9097	114	53	9.8415
R7.Test47	1049	5	29755	10	99.5051	158	56	8.7257
R7.Test173	7708	1	29813	2	99.6990	119	58	0.5698
R7.Test140	1643	3	29759	6	99.5184	161	58	5.4258
R7.Test119	244	1	29867	2	99.8796	172	56	30.4539
R7.Test100	657	2	29879	4	99.9197	164	56	13.7129
R7.Test66	296	2	29821	4	99.7258	168	56	18.6947
R7.Test109	305	1	29824	2	99.7358	200	70	21.1670
R7.Test134	266	1	29860	2	99.8562	117	53	30.0371
R7.Test29	899	8	29632	16	99.0937	143	53	6.8969
R7.Test25	985	1	29847	2	99.8127	127	53	9.1584
R7.Test122	2082	1	29867	2	99.8796	192	70	3.3212
R7.Test191	4000	1	29859	2	99.8529	169	56	1.2289
R7.Test151	788	6	29794	12	99.6355	141	59	10.9089
R7.Test63	1030	1	29815	2	99.7057	204	70	8.4548
R7.Test103	109	1	29816	2	99.7091	159	73	43.7011
R7.Test40	284	3	29771	6	99.5586	161	56	25.3822
R7.Test1	211	12	29590	24	98.9533	140	56	24.3014
R7.Test72	466	9	29751	18	99.4917	119	44	17.1186
R7.Test5	303	3	29818	6	99.7157	164	56	18.8747
R7.Test164	948	2	29817	4	99.7124	166	61	7.3700
R7.Test128	100	1	29869	2	99.8863	162	56	50.3283
R7.Test62	971	1	29837	2	99.7793	192	72	8.3603
R7.Test190	408	6	29857	12	99.8462	145	59	21.9352
R7.Test150	2493	2	29848	4	99.8161	136	59	2.5906
R7.Test101	553	1	29827	2	99.7458	151	56	13.3608
R7.Test20	104	1	29821	2	99.7258	194	70	52.2019
R7.Test162	900	2	29865	4	99.8729	147	56	8.8862
R7.Test199	1427	1	29846	2	99.8094	136	59	4.4719
R7.Test138	698	1	29856	2	99.8428	188	70	11.4110
R7.Test159	882	1	29879	2	99.9197	164	56	9.4610
R7.Test3	11704	2	29861	4	99.8595	135	61	0.2648
R7.Test73	1198	1	29881	2	99.9264	165	56	7.6373
R7.Test124	260	1	29870	2	99.8896	192	70	30.3250
R7.Test168	130	1	29819	2	99.7191	147	64	42.5417
R7.Test76	153	2	29885	4	99.9398	130	53	44.0796
R7.Test193	851	20	28778	42	96.2378	163	56	9.9732
R7.Test9	2411	1	29816	2	99.7091	132	56	1.6118
R7.Test49	226	1	29859	2	99.8529	141	62	29.1502
R7.Test153	15539	2	29858	4	99.8495	203	64	0.2267
R7.Test45	156	1	29855	2	99.8395	126	53	39.4454
R7.Test132	1617	2	29839	4	99.7860	145	56	3.8389
R7.Test8	630	1	29850	2	99.8228	167	56	12.6488
