sample	fragment_num	mapped_fragment_num	mapped_ref_bases	BreakPoint	cov	snp	indel	signal_ratio
R8.Test134	2290	2	29813	4	99.6990	141	59	1.6430
R8.Test110	2360	1	29871	2	99.8930	157	56	2.9539
R8.Test91	7295	2	29852	4	99.8294	137	56	0.5801
R8.Test198	1109	2	29804	4	99.6689	196	70	8.2784
R8.Test61	697	1	29870	2	99.8896	192	70	11.3141
R8.Test171	756	1	29838	2	99.7826	152	59	11.3402
R8.Test153	1050	2	29863	4	99.8662	140	62	7.5689
R8.Test6	8766	8	29336	16	98.1039	97	44	0.5379
R8.Test103	3029	1	29852	2	99.8294	196	70	2.0644
R8.Test174	177	2	29840	4	99.7893	154	56	23.2145
R8.Test189	424	1	29887	2	99.9465	153	56	17.9035
R8.Test56	968	1	29813	2	99.6990	151	56	9.0778
R8.Test123	1250	1	29841	2	99.7927	142	59	5.9088
R8.Test36	275	1	29833	2	99.7659	142	59	27.0535
R8.Test192	3293	7	29816	14	99.7091	138	56	1.4040
R8.Test32	7221	1	29861	2	99.8595	181	61	0.5806
R8.Test163	1084	3	29818	6	99.7157	168	56	7.3855
R8.Test52	1314	1	29826	2	99.7425	188	84	5.4369
R8.Test131	11728	1	29770	2	99.5552	200	70	0.2637
R8.Test50	1360	2	29865	4	99.8729	140	56	6.5898
R8.Test116	190	3	29865	6	99.8729	156	53	32.0981
R8.Test30	1079	2	29820	4	99.7224	166	56	5.6686
R8.Test55	774	1	29815	2	99.7057	204	70	11.1102
R8.Test9	1283	1	29818	2	99.7157	205	70	6.4190
R8.Test35	142	1	29865	2	99.8729	169	58	36.1020
R8.Test185	2986	24	28678	48	95.9034	77	9	2.1335
R8.Test125	264	3	29797	6	99.6455	184	70	23.0882
R8.Test38	6577	2	29843	4	99.7994	156	62	1.0766
R8.Test27	138	1	29818	2	99.7157	173	56	35.6589
R8.Test155	2354	7	29656	14	99.1740	98	56	3.0346
R8.Test4	785	1	29822	2	99.7291	135	53	9.3475
R8.Test58	2388	2	29893	4	99.9666	151	56	1.6114
R8.Test169	2736	3	29819	6	99.7191	142	61	2.2335
R8.Test105	2727	1	29856	2	99.8428	159	56	1.5500
R8.Test87	1835	1	29809	2	99.6857	147	56	4.9635
R8.Test129	267	1	29827	2	99.7458	151	56	26.5140
R8.Test183	595	1	29835	2	99.7726	206	70	12.5626
R8.Test73	607	1	29817	2	99.7124	151	56	9.1769
R8.Test117	1351	4	29854	8	99.8361	144	56	5.0330
R8.Test17	121	1	29853	2	99.8328	148	56	40.6164
R8.Test142	100	3	29817	6	99.7124	139	70	44.4672
R8.Test109	679	1	29865	2	99.8729	136	59	9.9427
R8.Test165	538	2	29805	4	99.6723	190	70	12.3856
R8.Test159	425	1	29817	2	99.7124	204	70	19.6566
R8.Test23	757	3	29842	6	99.7960	164	56	11.4212
R8.Test83	583	1	29864	2	99.8696	157	56	12.2588
R8.Test77	477	1	29816	2	99.7091	198	90	18.9641
R8.Test13	96	2	29833	4	99.7659	144	59	40.8853
R8.Test148	1245	2	29790	4	99.6221	148	56	4.3218
R8.Test41	1135	1	29849	2	99.8194	127	59	7.8925
R8.Test93	13013	2	29881	4	99.9264	165	56	0.2542
R8.Test168	11631	24	28727	48	96.0673	83	18	0.2573
R8.Test114	668	1	29866	2	99.8763	147	56	11.8798
R8.Test130	749	16	29308	32	98.0102	87	35	10.7455
R8.Test158	113	11	29781	22	99.5920	158	56	49.5164
R8.Test108	580	1	29830	2	99.7559	142	59	15.2125
R8.Test176	786	2	29876	4	99.9097	164	56	11.4761
R8.Test128	1846	1	29817	2	99.7124	155	56	3.3772
R8.Test63	2506	3	29645	6	99.1372	129	30	2.8322
R8.Test193	1029	1	29824	2	99.7358	200	70	6.4548
R8.Test145	3060	4	29633	8	99.0971	143	56	2.4715
R8.Test97	3565	2	29851	4	99.8261	153	56	1.6903
R8.Test162	3344	1	29877	2	99.9131	163	56	1.8264
R8.Test170	272	1	29826	2	99.7425	204	70	19.7726
R8.Test152	56	1	29816	2	99.7091	141	62	51.4704
R8.Test102	934	1	29815	2	99.7057	189	70	9.4041
R8.Test136	1574	4	29610	8	99.0202	98	59	5.2568
R8.Test149	2075	3	29817	6	99.7124	151	56	2.7428
R8.Test111	258	1	29822	2	99.7291	127	56	26.8653
R8.Test122	1784	3	29590	6	98.9533	186	70	5.0485
R8.Test59	545	1	29875	2	99.9064	114	58	13.0674
R8.Test39	119	1	29827	2	99.7458	138	61	39.2752
R8.Test67	2991	42	26316	84	88.0045	86	47	2.3571
R8.Test1	2073	2	29828	4	99.7492	186	58	2.7114
R8.Test182	1319	1	29875	2	99.9064	164	56	7.4086
R8.Test195	206	1	29872	2	99.8963	133	59	34.1591
R8.Test8	391	1	29868	2	99.8830	130	53	19.4653
R8.Test2	3655	2	29819	4	99.7191	148	56	1.9189
R8.Test54	2511	4	29818	8	99.7157	121	62	2.3602
R8.Test47	239	1	29886	2	99.9431	152	56	20.5239
R8.Test137	3812	1	29816	2	99.7091	198	73	1.6532
R8.Test34	1235	1	29861	2	99.8595	135	53	6.0487
R8.Test71	3316	1	29812	2	99.6957	203	70	2.0323
R8.Test199	564	1	29815	2	99.7057	204	70	15.5696
R8.Test21	100	1	29824	2	99.7358	200	70	33.5218
R8.Test188	1682	2	29857	4	99.8462	172	58	4.8651
R8.Test7	276	1	29826	2	99.7425	167	56	22.7612
R8.Test177	979	1	29858	2	99.8495	165	56	8.9110
R8.Test11	5492	2	29802	4	99.6622	153	56	0.8578
R8.Test43	11596	3	29727	6	99.4114	151	33	0.2647
R8.Test81	2466	2	29861	4	99.8595	131	61	2.3221
R8.Test194	957	1	29884	2	99.9365	143	59	7.5964
R8.Test90	11549	15	29264	30	97.8631	71	27	0.2616
R8.Test5	1590	2	29875	4	99.9064	155	56	5.4328
R8.Test24	192	1	29824	2	99.7358	198	70	29.8342
R8.Test120	2913	2	29865	4	99.8729	140	53	1.5178
R8.Test95	5933	2	29796	4	99.6422	168	56	1.2592
R8.Test3	3481	1	29819	2	99.7191	141	56	1.8939
R8.Test48	8012	1	29811	2	99.6923	159	56	0.5593
R8.Test100	575	3	29516	6	98.7058	187	70	14.0894
R8.Test150	256	1	29820	2	99.7224	186	56	23.4980
R8.Test92	191	1	29859	2	99.8529	142	62	38.0335
R8.Test66	713	1	29859	2	99.8529	141	62	10.2987
R8.Test62	2000	2	29817	4	99.7124	156	56	2.8363
R8.Test96	5758	1	29811	2	99.6923	139	59	1.2899
R8.Test172	348	1	29817	2	99.7124	129	56	23.5304
R8.Test14	1931	1	29840	2	99.7893	143	59	3.7970
R8.Test138	542	1	29822	2	99.7291	185	72	14.9439
R8.Test160	15960	10	29654	20	99.1673	139	56	0.3556
R8.Test200	85	1	29899	1	99.9866	151	61	55.1473
R8.Test65	3051	2	29868	4	99.8830	194	70	2.1384
R8.Test84	2044	2	29667	4	99.2108	131	56	2.6236
R8.Test60	3001	2	29864	4	99.8696	126	53	2.1888
R8.Test166	360	1	29819	2	99.7191	187	56	15.7858
R8.Test187	282	1	29770	2	99.5552	190	70	27.1074
R8.Test113	731	1	29868	2	99.8830	131	56	9.2609
R8.Test156	54	5	29865	10	99.8729	104	53	69.0518
R8.Test191	472	2	29875	4	99.9064	164	56	17.6440
R8.Test132	1552	2	29807	4	99.6790	163	56	4.7279
R8.Test178	3651	1	29883	2	99.9331	156	56	2.3042
R8.Test106	797	1	29876	2	99.9097	126	53	9.5405
R8.Test51	932	1	29813	2	99.6990	191	70	9.0225
R8.Test31	2367	4	29268	8	97.8765	83	53	3.1646
R8.Test74	4424	2	29702	4	99.3278	137	56	1.5771
R8.Test126	776	1	29819	2	99.7191	201	70	9.5490
R8.Test115	688	1	29827	2	99.7458	200	70	8.6622
R8.Test167	10753	1	29885	2	99.9398	141	56	0.4864
R8.Test186	1533	1	29813	2	99.6990	195	70	5.7778
R8.Test157	94	1	29869	2	99.8863	143	56	45.8796
R8.Test79	1374	2	29813	4	99.6990	170	64	4.1392
R8.Test107	469	1	29813	2	99.6990	183	56	17.7677
R8.Test119	711	1	29856	2	99.8428	165	56	8.4290
R8.Test127	667	1	29827	2	99.7458	122	59	13.4311
R8.Test141	2596	2	29841	4	99.7927	202	70	1.5332
R8.Test46	666	1	29865	2	99.8729	157	56	11.2795
R8.Test144	2942	1	29885	2	99.9398	198	70	2.1364
R8.Test29	1173	2	29874	4	99.9030	161	56	6.2395
R8.Test68	1867	1	29818	2	99.7157	155	56	2.7943
R8.Test98	283	26	8017	52	26.8100	33	18	9.5048
R8.Test45	1320	2	29840	8	99.7893	130	61	6.3839
R8.Test40	1001	1	29818	2	99.7157	196	70	6.8419
R8.Test89	1535	1	29888	2	99.9498	171	56	4.9971
R8.Test180	1282	3	29813	6	99.6990	144	56	5.8723
R8.Test42	913	1	29860	2	99.8562	169	56	9.0508
R8.Test19	2212	4	29721	8	99.3914	155	56	3.2739
R8.Test88	1730	8	29766	16	99.5419	169	56	4.1161
R8.Test154	10396	10	29478	20	98.5787	104	53	0.4907
R8.Test173	11880	32	27322	64	91.3688	140	32	0.2422
R8.Test104	260	1	29819	2	99.7191	193	70	24.7415
R8.Test99	951	2	29891	4	99.9599	159	56	9.1215
R8.Test124	1824	1	29865	2	99.8729	137	59	4.1794
R8.Test18	270	1	29858	2	99.8495	161	56	27.0531
R8.Test190	2174	1	29875	2	99.9064	197	71	3.3046
R8.Test164	3297	1	29865	2	99.8729	192	70	2.0633
R8.Test57	558	2	29819	4	99.7191	181	70	14.8223
R8.Test118	2392	2	29846	4	99.8094	163	56	2.6192
R8.Test44	1755	2	29858	4	99.8495	160	53	2.8263
R8.Test28	139	2	29842	4	99.7960	145	56	36.6624
R8.Test37	3439	2	29821	4	99.7258	170	56	1.9021
R8.Test69	1201	1	29837	2	99.7793	201	70	7.5091
R8.Test78	265	1	29826	2	99.7425	148	61	25.8411
R8.Test133	400	2	29797	4	99.6455	139	56	20.5089
R8.Test161	249	1	29840	2	99.7893	127	53	23.4647
R8.Test196	2296	1	29869	2	99.8863	161	56	1.6213
R8.Test151	66	1	29869	2	99.8863	147	56	49.0765
R8.Test101	5928	2	29830	4	99.7559	138	53	1.1219
R8.Test147	8716	1	29860	2	99.8562	193	70	0.8742
R8.Test112	2720	1	29813	2	99.6990	139	59	2.1400
R8.Test121	3323	1	29813	2	99.6990	165	64	1.3887
R8.Test53	5693	2	29813	4	99.6990	170	56	1.2932
R8.Test33	560	3	29759	6	99.5184	161	58	14.2818
R8.Test181	901	1	29813	2	99.6990	185	56	9.3895
R8.Test76	3162	3	29811	6	99.6923	138	56	2.2935
R8.Test135	211	1	29812	2	99.6957	195	70	31.4369
R8.Test197	2315	1	29862	2	99.8629	161	56	2.4329
R8.Test75	522	1	29832	2	99.7626	193	70	15.5027
R8.Test70	2888	1	29820	2	99.7224	165	56	2.9872
R8.Test146	1103	2	29881	4	99.9264	165	56	7.5721
R8.Test72	1179	1	29828	2	99.7492	200	70	5.8770
R8.Test139	128	1	29848	2	99.8161	152	56	33.9382
R8.Test86	813	1	29865	2	99.8729	153	56	7.1991
R8.Test140	308	2	29720	4	99.3880	136	56	23.9386
R8.Test22	1873	4	29424	8	98.3982	85	44	3.7922
R8.Test16	1738	3	29827	6	99.7458	134	59	3.9624
R8.Test20	3326	1	29796	2	99.6422	114	56	1.8662
R8.Test25	3687	1	29797	2	99.6455	141	56	1.8487
R8.Test175	133	1	29770	2	99.5552	190	70	40.6852
R8.Test94	1651	1	29816	2	99.7091	198	90	4.5149
R8.Test49	84	1	29844	2	99.8027	144	59	54.4914
R8.Test80	311	1	29861	2	99.8595	112	53	25.4563
R8.Test64	1276	2	29883	6	99.9331	150	56	4.4255
R8.Test85	9051	6	29645	12	99.1372	102	53	0.5295
R8.Test184	605	1	29872	2	99.8963	192	70	11.6117
R8.Test12	2937	5	29844	10	99.8027	200	70	2.0263
R8.Test10	354	1	29817	2	99.7124	186	70	16.3796
R8.Test26	141	1	29797	2	99.6455	152	56	30.6157
R8.Test179	2668	2	29880	4	99.9231	148	56	1.5447
R8.Test82	1753	1	29817	2	99.7124	121	53	4.6903
R8.Test15	459	1	29872	2	99.8963	192	70	17.6815
