sample	fragment_num	mapped_fragment_num	mapped_ref_bases	BreakPoint	cov	snp	indel	signal_ratio
RL2.Test89	16	16	4210	32	14.0789	27	18	100.0000
RL2.Test16	9	3	624	6	2.0867	0	0	28.4672
RL2.Test14	764	6	2854	12	9.5442	16	35	1.1996
RL2.Test60	26	26	8856	52	29.6158	66	44	99.9208
RL2.Test133	101	44	23665	88	79.1392	119	30	58.8629
RL2.Test176	40	25	8560	50	28.6259	50	21	63.0007
RL2.Test123	888	46	20284	92	67.8327	106	53	7.2682
RL2.Test111	198	26	8779	52	29.3583	49	18	14.1400
RL2.Test69	18	9	3411	18	11.4069	22	35	60.4585
RL2.Test155	816	13	3703	26	12.3834	18	35	1.3199
RL2.Test125	821	17	5281	34	17.6604	6	0	1.4939
RL2.Test80	153	31	13546	62	45.2998	113	44	23.2686
RL2.Test138	600	19	5635	38	18.8443	45	18	2.0347
RL2.Test172	8	2	457	4	1.5283	0	0	1.3929
RL2.Test95	118	9	2160	18	7.2234	16	9	5.2346
RL2.Test50	1773	35	12177	70	40.7217	35	9	1.7063
RL2.Test109	72	23	6467	46	21.6266	56	18	29.7066
RL2.Test170	8	4	1204	8	4.0264	2	0	53.0163
RL2.Test47	40	11	3246	22	10.8551	16	0	26.0744
RL2.Test70	775	20	6627	40	22.1617	35	9	1.8330
RL2.Test79	24	14	3565	28	11.9219	25	12	49.5054
RL2.Test141	1628	4	2302	8	7.6982	14	35	0.4172
RL2.Test161	22	1	207	2	0.6922	0	0	0.9470
RL2.Test104	1684	46	26348	92	88.1116	117	30	3.8257
RL2.Test67	1	1	220	2	0.7357	0	0	100.0000
RL2.Test78	676	24	10811	48	36.1536	65	27	5.2173
RL2.Test106	105	1	314	2	1.0501	2	0	1.0797
RL2.Test189	1554	2	588	4	1.9664	0	0	0.1186
RL2.Test39	195	1	279	2	0.9330	3	0	0.4004
RL2.Test94	41	21	7186	42	24.0310	47	35	55.1862
RL2.Test58	168	33	14533	66	48.6005	74	18	23.9971
RL2.Test29	20	12	3403	24	11.3801	21	26	55.4481
RL2.Test118	399	3	806	6	2.6954	4	0	0.4827
RL2.Test20	9	2	557	4	1.8627	0	0	23.7527
RL2.Test151	55	19	5657	38	18.9178	44	18	31.6247
RL2.Test196	946	43	22116	86	73.9591	94	53	7.3340
RL2.Test113	11760	3	787	6	2.6318	4	0	0.0070
RL2.Test77	36	6	1494	12	4.9962	18	9	9.9987
RL2.Test12	15	14	3870	28	12.9418	0	0	93.4557
RL2.Test102	1547	5	1092	10	3.6518	5	9	0.2208
RL2.Test148	46	34	11798	68	39.4542	81	44	76.9415
RL2.Test57	34	25	8618	50	28.8199	62	44	76.0460
RL2.Test15	61	35	11786	70	39.4141	71	44	65.7441
RL2.Test179	116	11	3002	22	10.0391	19	11	7.1647
RL2.Test88	1307	2	405	4	1.3544	4	0	0.0999
RL2.Test174	62	33	13826	66	46.2362	97	27	51.4113
RL2.Test197	8620	24	8097	48	27.0776	63	47	0.1499
RL2.Test163	275	21	7010	42	23.4425	46	9	5.2993
RL2.Test143	26	6	1591	12	5.3205	6	26	15.6736
RL2.Test190	51	35	14826	70	49.5803	123	53	48.9664
RL2.Test51	151	2	655	4	2.1904	4	9	1.3799
RL2.Test97	816	18	5861	36	19.6000	10	9	1.6697
RL2.Test10	23	5	1039	10	3.4746	2	0	14.8939
RL2.Test122	116	4	1147	8	3.8357	2	0	2.7671
RL2.Test64	73	46	17175	92	57.4357	21	0	69.0515
RL2.Test3	276	25	11358	50	37.9828	65	27	13.6630
RL2.Test71	45	45	13563	90	45.3567	49	15	99.9194
RL2.Test66	282	42	14146	84	47.3063	88	44	16.4713
RL2.Test157	1653	23	7045	46	23.5595	5	0	1.0489
RL2.Test2	5	4	1157	8	3.8692	4	9	83.5517
RL2.Test137	1	1	220	2	0.7357	0	0	100.0000
RL2.Test183	709	1	526	2	1.7590	2	9	0.1511
RL2.Test19	74	36	20531	72	68.6587	128	56	66.4250
RL2.Test86	1646	1	228	2	0.7625	0	0	0.0441
RL2.Test132	62	19	5610	38	18.7607	45	18	28.8858
RL2.Test185	23	2	655	4	2.1904	4	9	5.4932
RL2.Test33	97	37	17648	74	59.0175	91	44	45.6798
RL2.Test178	5654	7	2217	14	7.4140	17	9	0.0984
RL2.Test149	31	1	229	2	0.7658	0	0	2.5193
RL2.Test23	50	33	14078	66	47.0789	117	53	46.1878
RL2.Test54	4	2	457	4	1.5283	0	0	52.8324
RL2.Test61	247	2	494	4	1.6520	3	9	0.6024
RL2.Test74	253	3	787	6	2.6318	4	0	0.6298
RL2.Test191	79	44	14737	88	49.2827	12	0	59.2837
RL2.Test101	5610	7	2220	14	7.4240	17	9	0.0990
RL2.Test144	54	33	14393	66	48.1323	119	55	45.7967
RL2.Test81	767	5	2719	10	9.0927	14	35	1.1389
RL2.Test32	160	38	13291	76	44.4470	82	30	23.8911
RL2.Test175	17	2	405	4	1.3544	4	0	8.8855
RL2.Test4	886	39	17737	78	59.3151	74	35	6.3787
RL2.Test22	100	2	655	4	2.1904	4	9	2.0377
RL2.Test164	140	19	5313	38	17.7674	21	36	11.5556
RL2.Test166	92	26	8717	52	29.1509	48	18	27.0966
RL2.Test8	284	24	7951	50	26.5893	55	21	7.9490
RL2.Test117	546	1	243	2	0.8126	2	0	0.0940
RL2.Test146	46	32	13757	64	46.0054	113	53	47.7739
RL2.Test75	46	37	14851	74	49.6639	76	45	87.1628
RL2.Test129	1547	3	1066	6	3.5649	0	0	0.2171
RL2.Test112	40	40	12891	80	43.1094	35	24	99.6913
RL2.Test55	47	24	8097	48	27.0776	63	47	55.3573
RL2.Test134	351	10	2799	20	9.3603	11	26	2.7707
RL2.Test53	21	4	909	8	3.0398	9	9	15.9943
RL2.Test99	290	1	279	2	0.9330	3	0	0.2977
RL2.Test34	38	24	8661	48	28.9636	49	21	65.4447
RL2.Test6	68	2	655	4	2.1904	4	9	2.6572
RL2.Test26	853	33	10873	66	36.3609	67	44	2.7525
RL2.Test73	12	1	220	2	0.7357	0	0	7.1942
RL2.Test65	46	26	9351	52	31.2711	63	44	45.4280
RL2.Test167	20	14	3565	28	11.9219	25	12	57.6224
RL2.Test140	137	10	3036	20	10.1528	16	0	7.6611
RL2.Test116	888	32	12396	64	41.4540	50	35	4.5091
RL2.Test160	6346	7	2217	14	7.4140	17	9	0.0898
RL2.Test46	132	5	1814	10	6.0663	9	9	3.8681
RL2.Test142	104	5	1396	10	4.6684	4	9	3.9260
RL2.Test108	275	24	10811	48	36.1536	65	27	13.1890
RL2.Test18	20	9	3427	18	11.4604	23	35	55.0292
RL2.Test162	104	5	1396	10	4.6684	4	9	3.9350
RL2.Test105	70	1	220	2	0.7357	0	0	1.0432
RL2.Test198	5675	36	16533	72	55.2888	96	26	0.7349
RL2.Test21	51	24	8097	48	27.0776	63	47	51.6061
RL2.Test85	32	23	9482	46	31.7092	66	9	81.5704
RL2.Test5	37	27	8707	54	29.1175	46	9	79.3488
RL2.Test63	5	2	638	4	2.1336	2	9	42.6730
