sample	project	gatkReads	gatkCov	asmFrag	asmCov	Signal
SRR22212056	HIV	11185	0.909341347357876	83	96.8022	1.38880098014321
SRR22211967	HIV	19739	0.94490582826635	36	100.0000	2.42852320905022
SRR22211868	HIV	128	0.101470862036865	2	7.8339	0.129328746138972
SRR22211856	HIV	1122	0.729096344874144	21	88.4098	1.28211929312689
SRR22212014	HIV	17	0.165747126436782	1	5.5882	0.010693154770532
SRR22212068	HIV	2	0.0157711841753542	0	0	0
SRR22211942	HIV	0	0	0	0	0
SRR22211996	HIV	0	0	0	0	0
SRR22211933	HIV	0	0	0	0	0
SRR22212019	HIV	0	0	0	0	0
SRR22211882	HIV	0	0	0	0	0
SRR22211819	HIV	0	0	0	0	0
SRR22211976	HIV	15320	0.980904668554418	208	98.9774	12.7251973485161
SRR22211990	HIV	2924	0.914657799944583	36	92.1582	0.899647544426532
SRR22211855	HIV	2938	0.876844930036419	41	88.8321	3.36030206913014
SRR22212002	HIV	0	0	0	0	0
SRR22211850	HIV	350	0.429361379160794	7	33.3880	0.317649394480842
SRR22211995	HIV	0	0	0	0	0
SRR22211911	HIV	0	0	0	0	0
SRR22212055	HIV	0	0.0181340968742544	0	0	0
SRR22211963	HIV	0	0	0	0	0
SRR22212050	HIV	66506	0.946508413950085	422	99.9546	14.4175997427516
SRR22211970	HIV	9686	0.945082497573601	191	99.1957	8.85689747873688
SRR22211975	HIV	26595	0.895659014517629	36	91.1373	1.09439546411829
SRR22212038	HIV	0	0	0	0	0
SRR22211922	HIV	0	0	0	0	0
SRR22211838	HIV	942	0.745131086142322	5	82.5490	0.329486679503063
SRR22211937	HIV	602	0.502482192963523	11	49.0107	0.210261950112995
SRR22211908	HIV	1108	0.789143839078136	14	74.9216	0.637816482786172
SRR22211999	HIV	11	0.0839494938004778	1	6.7067	0.0125217870964448
SRR22211859	HIV	12342	0.964774951076321	93	99.1263	0.403492023308506
SRR22211974	HIV	151	0.300920968087385	6	12.1917	0.158130261434089
SRR22212007	HIV	178	0.469226488592098	13	38.0022	0.102046489101378
SRR22212059	HIV	52263	0.992617058480668	214	99.6425	15.0275118673116
SRR22211943	HIV	7	0.05263773540765	1	7.4394	0.0266371622632597
SRR22211932	HIV	14026	0.950611364181251	128	97.9576	3.92312052903075
SRR22211828	HIV	324	0.584379819343468	9	61.5882	0.121226054645283
SRR22211979	HIV	0	0	0	0	0
SRR22211927	HIV	7135	0.919097315136919	54	83.0650	1.7735743731628
SRR22211816	HIV	53	0.241761899478531	4	13.7012	0.0202591617151473
SRR22212054	HIV	48309	0.979050535987749	351	100.0000	22.0683019625749
SRR22211883	HIV	0	0	0	0	0
SRR22212028	HIV	8	0.0674923304169981	0	0	0
SRR22211994	HIV	373	0.602031802120141	11	43.9237	0.289529427589097
SRR22211854	HIV	0	0	0	0	0
SRR22212016	HIV	48	0.252813948355771	3	14.0797	0.0114947822711697
SRR22211947	HIV	2759	0.946445587955022	32	89.4629	0.963593938931049
SRR22211848	HIV	6420	0.782208297730941	24	80.8665	0.52393687287712
SRR22212071	HIV	0	0	0	0	0
SRR22212003	HIV	165	0.473044049967127	12	26.9937	0.122452689237508
SRR22211962	HIV	16	0.0405807449720338	1	3.9322	0.0312515272979337
SRR22212048	HIV	0	0	0	0	0
SRR22211871	HIV	66380	0.983576642335766	399	99.9887	1.58497244433294
SRR22212010	HIV	61	0.34144418159288	7	28.9526	0.0608190499046748
SRR22211988	HIV	0	0	0	0	0
SRR22212015	HIV	32	0.217253051595035	5	15.4658	0.0979439643508723
SRR22211887	HIV	17601	0.959788448623237	81	92.1764	2.91110989834812
SRR22211951	HIV	44767	0.979798657718121	463	100.0000	21.0031807964714
SRR22211923	HIV	0	0	0	0	0
SRR22211815	HIV	1243	0.769398340248963	23	63.2484	0.727839996274651
SRR22211891	HIV	70	0.253668297020898	7	26.7775	0.247010646481753
SRR22212058	HIV	8	0.0394033837934105	0	0	0
SRR22211881	HIV	0	0	0	0	0
SRR22211824	HIV	576	0.605381646655232	9	70.7059	0.207713710064281
SRR22211866	HIV	0	0	0	0	0
SRR22211957	HIV	10423	0.909853926236785	64	96.6587	4.04265260338712
SRR22211858	HIV	496	0.229906138742043	5	10.9473	0.0824586712930813
SRR22211909	HIV	648	0.841682060197762	38	82.9203	0.28248002122227
SRR22211897	HIV	491	0.757587253414264	5	69.9216	0.11489293471131
SRR22212024	HIV	603	0.764996842769943	18	80.1497	0.319705045383947
SRR22212066	HIV	98	0.393959582500555	11	29.7922	0.198286085530726
SRR22211998	HIV	947	0.809148587801883	15	62.0335	0.124941891515312
SRR22211830	HIV	2300	0.951326589043711	71	96.6958	0.582045257245088
SRR22211941	HIV	6258	0.842239649826737	45	88.8235	2.81019374439601
SRR22212029	HIV	0	0	0	0	0
SRR22211835	HIV	0	0	0	0	0
SRR22211904	HIV	318	0.635200175016408	17	51.9700	0.0697801806172553
SRR22212077	HIV	0	0	0	0	0
SRR22212030	HIV	0	0	0	0	0
SRR22211978	HIV	0	0	0	0	0
SRR22212035	HIV	5870	0.941218580973592	95	91.9778	3.86875982745718
SRR22211829	HIV	2139	0.902851619139681	11	84.3137	0.475764059669295
SRR22211877	HIV	392917	0.992811311787072	1094	100.0000	33.5074722681084
SRR22211984	HIV	0	0	0	0	0
SRR22211921	HIV	0	0	0	0	0
SRR22212060	HIV	48650	0.992812336644015	68	98.4807	17.6884166322018
SRR22211893	HIV	0	0	0	0	0
SRR22212065	HIV	5	0.0479483110405804	0	0	0
SRR22212049	HIV	17163	0.883155730042999	27	95.4535	6.92751343557478
SRR22211953	HIV	25710	0.977262693156733	339	99.1111	8.33228089799797
SRR22211860	HIV	152	0.306407252724865	8	22.0384	0.383043559868202
SRR22211865	HIV	694	0.813717277486911	18	64.2650	0.159643305155032
SRR22211849	HIV	21941	0.990250487475626	179	99.6984	3.10368482674021
SRR22211873	HIV	14102	0.96296	35	97.2904	2.0614329101909
SRR22212036	HIV	10930	0.947325438954675	106	87.1502	1.54015561331626
SRR22211844	HIV	0	0	0	0	0
SRR22212073	HIV	27910	0.981729247590275	153	100.0000	10.7918390508958
SRR22212001	HIV	187	0.52026201843011	5	30.9600	0.120370628717417
SRR22211989	HIV	3041	0.867566547102133	16	83.2353	0.852899598453283
SRR22211912	HIV	0	0	0	0	0
SRR22211836	HIV	111	0.398757384396007	5	21.4847	0.0520973356091754
SRR22212044	HIV	0	0	0	0	0
SRR22211906	HIV	1280	0.734642968506392	15	89.7013	0.365958454928228
SRR22212069	HIV	0	0	0	0	0
SRR22212045	HIV	14562	0.916977834273457	152	92.9969	3.70040390572919
SRR22212040	HIV	5282	0.852280348759222	47	78.6201	1.27647488245774
SRR22211869	HIV	20101	0.977026347907244	80	99.5616	5.58977185351913
SRR22211845	HIV	0	0	0	0	0
SRR22211931	HIV	133	0.260586678429643	8	19.1031	0.207885632571964
SRR22211840	HIV	0	0	0	0	0
SRR22211826	HIV	0	0	0	0	0
SRR22211864	HIV	0	0	0	0	0
SRR22211917	HIV	11	0.117989477219299	1	4.5839	0.0118207331045685
SRR22211818	HIV	2	0.034940036900369	0	0	0
SRR22211980	HIV	97886	0.989476132333275	856	99.3116	25.1314715397139
SRR22212026	HIV	0	0	0	0	0
SRR22212064	HIV	0	0	0	0	0
SRR22211985	HIV	0	0	0	0	0
SRR22212018	HIV	0	0	0	0	0
SRR22212034	HIV	468	0.583391906817954	18	74.8832	0.18482188454824
SRR22211846	HIV	0	0	0	0	0
SRR22211892	HIV	9104	0.896499383360213	46	85.8914	1.26272162598589
SRR22211952	HIV	6	0.0409159159159159	1	3.4651	0.030647028153825
SRR22211905	HIV	0	0	0	0	0
SRR22211834	HIV	56	0.258601676224085	3	17.8668	0.0289349987002748
SRR22212046	HIV	129	0.508042895442359	5	38.4510	0.0890116427416148
SRR22211900	HIV	0	0	0	0	0
SRR22211839	HIV	0	0	0	0	0
SRR22212025	HIV	470	0.690534628107993	13	59.8525	0.18348543463879
SRR22211872	HIV	6460	0.960959916528997	34	98.6148	3.87717275307349
SRR22211986	HIV	0	0	0	0	0
SRR22212020	HIV	33479	0.894510307332176	168	97.4707	10.0046161677779
SRR22211961	HIV	10780	0.941558441558442	46	100.0000	4.38123539509906
SRR22211825	HIV	0	0	0	0	0
SRR22212039	HIV	634	0.695592864637985	16	55.2402	0.681172647950057
SRR22212072	HIV	69512	0.97376	318	99.9111	22.9538300104932
SRR22211913	HIV	160	0.470680218921032	16	40.2748	0.0277791039512423
SRR22211820	HIV	0	0	0	0	0
SRR22211889	HIV	20276	0.969222743870631	137	100.0000	2.148262650207
SRR22211936	HIV	0	0	0	0	0
SRR22212012	HIV	9584	0.986743158384371	39	99.7110	2.39586272717937
SRR22211901	HIV	823	0.745048988951428	14	65.7617	0.617808723665688
SRR22211973	HIV	0	0	0	0	0
SRR22211944	HIV	18251	0.981073664954619	243	100.0000	9.13582453890916
SRR22211960	HIV	0	0	0	0	0
SRR22212021	HIV	290	0.409582014624031	8	38.1326	0.319069134190152
SRR22211949	HIV	0	0	0	0	0
SRR22212053	HIV	0	0	0	0	0
SRR22211965	HIV	2338	0.74471188913202	47	95.5117	0.936174585521813
SRR22211993	HIV	44	0.22548794489093	2	9.5294	0.0100158067641296
SRR22211821	HIV	2096	0.844433249370277	27	76.5605	0.772299406955741
SRR22211884	HIV	0	0	0	0	0
SRR22211853	HIV	14	0.0831473214285714	2	4.1622	0.0662494195224044
SRR22212041	HIV	567	0.800411522633745	21	61.4192	0.40063109723358
SRR22211977	HIV	116	0.241379310344828	4	11.3965	0.157286814566359
SRR22212004	HIV	436	0.543497078554425	10	66.2009	0.236857689889025
SRR22211929	HIV	6749	0.949034811404571	2	99.7255	0.896850592088687
SRR22211878	HIV	0	0	0	0	0
SRR22211841	HIV	336	0.68044376767457	15	62.3708	0.0825499511439065
SRR22211930	HIV	13143	0.965382740126767	110	99.2171	3.81348916657709
SRR22211935	HIV	113275	0.953289110005528	520	98.6712	10.9014553304771
SRR22211958	HIV	27049	0.910808470440054	31	99.9665	5.99832169554941
SRR22211857	HIV	0	0	0	0	0
SRR22211898	HIV	57681	0.988250484183344	180	99.9430	9.49058117834424
SRR22211997	HIV	2110	0.920345203848825	24	64.6077	0.718778816568502
SRR22212057	HIV	34	0.264918324258251	2	6.6929	0.0154522974784531
SRR22211966	HIV	6353	0.964268996723358	47	98.5363	2.92377921675572
SRR22211924	HIV	0	0	0	0	0
SRR22211981	HIV	36075	0.982491582491583	270	99.9776	25.3600769883522
SRR22212009	HIV	0	0	0	0	0
SRR22211925	HIV	2	0.00761003702180173	0	0	0
SRR22212061	HIV	6184	0.945236781971476	96	99.6480	7.06134322976218
SRR22211920	HIV	0	0	0	0	0
SRR22212013	HIV	409	0.73508353221957	13	63.0180	0.170720298873476
SRR22211972	HIV	29348	0.972768322334144	166	99.5759	25.2480999261486
SRR22211939	HIV	1960	0.88734693877551	38	83.6786	0.554331648992917
SRR22211861	HIV	0	0	0	0	0
SRR22211886	HIV	321	0.689407732676449	14	60.8467	0.225590503982067
SRR22211934	HIV	9243	0.962245885769603	72	98.7647	1.68788312713991
SRR22212052	HIV	30217	0.977148080438757	293	99.9777	20.9633065706135
SRR22211992	HIV	0	0	0	0	0
SRR22211946	HIV	132008	0.992886061307114	920	99.9092	10.4636209198252
SRR22212005	HIV	0	0	0	0	0
SRR22211852	HIV	3825	0.815763739487581	71	72.1131	0.895900291864708
SRR22212000	HIV	3	0.0304100227790433	1	3.6739	0.0232819208499097
SRR22211880	HIV	0	0	0	0	0
SRR22211885	HIV	735	0.472465993856955	11	43.0381	0.156610461953973
SRR22212017	HIV	17	0.111148878314072	0	0	0
SRR22211964	HIV	18	0.11887417218543	1	3.6495	0.0128286474098267
SRR22211926	HIV	4	0.0112715744980627	0	0	0
SRR22211918	HIV	887	0.651592215833702	13	38.3936	0.173609429802858
SRR22211817	HIV	0	0	0	0	0
SRR22211945	HIV	909	0.775800711743772	21	83.5929	0.550184127048508
SRR22211969	HIV	0	0	0	0	0
SRR22212006	HIV	0	0	0	0	0
SRR22211940	HIV	1319	0.768633253190309	7	96.5344	0.264156163647194
SRR22211831	HIV	2347	0.934874691140134	19	95.1576	0.268581849832421
SRR22212031	HIV	13948	0.865739525933701	30	100.0000	1.99050356480894
SRR22212070	HIV	0	0	0	0	0
SRR22211837	HIV	28	0.148107150763781	2	10.1373	0.0176671927199688
SRR22211938	HIV	7841	0.853193350831146	43	88.5773	4.99340504597939
SRR22212075	HIV	10940	0.925024908668217	45	98.9288	1.6398183987576
SRR22211822	HIV	0	0	0	0	0
SRR22211870	HIV	4266	0.804523739884957	20	81.4623	1.13346748681497
SRR22212037	HIV	3934	0.89491330587221	31	87.1537	1.41709395125379
SRR22211875	HIV	326	0.270520492266004	5	17.0299	0.0702678988345523
SRR22212022	HIV	2103	0.91629399183356	25	85.3184	0.715697542861681
SRR22211863	HIV	21475	0.963947587669469	207	92.3016	5.59633085293186
SRR22212011	HIV	14497	0.978741258741259	91	99.8978	1.42597885838958
SRR22211902	HIV	2	0.0133770491803279	0	0	0
SRR22212063	HIV	0	0	0	0	0
SRR22211890	HIV	853	0.692981541349463	17	61.0057	0.787174562647576
SRR22211955	HIV	0	0	0	0	0
SRR22211895	HIV	122695	0.986905179469192	1027	99.9656	30.9562961587898
SRR22211950	HIV	167535	0.992839090143218	950	100.0000	9.01315188314501
SRR22211919	HIV	449	0.688237819274522	11	62.3203	0.196245577241441
SRR22212033	HIV	0	0	0	0	0
SRR22211982	HIV	48934	0.947932816537468	213	96.8019	16.184711553613
SRR22211876	HIV	27438	0.966782771217399	41	98.6269	1.63812035101808
SRR22211833	HIV	500	0.746518395344003	28	76.8668	1.21653909951492
SRR22212076	HIV	38722	0.928699284009546	471	95.7328	17.1530406442278
SRR22211956	HIV	8046	0.886875828546178	38	95.8627	13.869968481039
SRR22211842	HIV	4931	0.849351604892854	80	94.4311	1.76770679349573
SRR22211896	HIV	25	0.158913043478261	2	9.9164	0.0442165266183929
SRR22212067	HIV	43	0.299467613132209	2	3.7641	0.0629194816212371
SRR22211914	HIV	319	0.59700845436809	6	58.2941	0.241886793227404
SRR22212042	HIV	18914	0.991763898421414	175	99.6353	5.42112536455309
SRR22211968	HIV	8810	0.962192189702346	79	90.8050	4.00915886545244
SRR22211867	HIV	3289	0.764141710706596	40	71.1891	2.24950301002114
SRR22211851	HIV	2296	0.924067666282199	36	95.6285	0.758334450807689
SRR22211910	HIV	348	0.728804288371075	15	67.2529	0.167916731051916
SRR22211991	HIV	574	0.687615326169543	13	53.1748	0.141918667674745
SRR22211915	HIV	106	0.219356827288606	4	16.9177	0.0947837916139593
SRR22211823	HIV	2741	0.931787953638609	43	94.6406	0.691131349704123
SRR22212051	HIV	3	0.0354088722608231	0	0	0
SRR22211987	HIV	2443	0.809472865201323	17	91.7967	0.745918318646656
SRR22212023	HIV	0	0	0	0	0
SRR22211888	HIV	3908	0.880327717941637	41	96.2497	2.36181749232806
SRR22211862	HIV	36056	0.909453706988294	113	94.7843	7.55389042776612
SRR22212047	HIV	0	0	0	0	0
SRR22211903	HIV	320	0.565027322404372	12	45.7440	0.141253653499709
SRR22211971	HIV	0	0	0	0	0
SRR22212062	HIV	63	0.0607580824972129	1	4.7342	0.072211710855717
SRR22211948	HIV	0	0	0	0	0
SRR22211847	HIV	1948	0.739983974358974	5	99.3333	0.487698940743826
SRR22211894	HIV	0	0	0	0	0
SRR22212027	HIV	185	0.377999551468939	6	37.2745	0.0512965154325007
SRR22211983	HIV	50388	0.92530254555571	233	98.4822	14.3425264411605
SRR22212032	HIV	2429	0.806935332708529	38	85.2985	0.535421895092876
SRR22211954	HIV	331	0.415704131497112	13	38.3398	0.155159301332849
SRR22211827	HIV	1205	0.67776211644801	20	81.2593	0.0922338463473198
SRR22211879	HIV	9925	0.974074691563855	28	98.7486	1.48259326871159
SRR22211928	HIV	0	0	0	0	0
SRR22211832	HIV	5	0.0557575757575758	0	0	0
SRR22211916	HIV	2155	0.845576903318607	40	85.9657	0.467898691595807
SRR22212008	HIV	0	0	1	0.7253	0.00465258782104148
SRR22211874	HIV	11551	0.959578207381371	91	100.0000	1.59296411557541
SRR22211843	HIV	53	0.0654338549075391	1	6.4813	0.0682795153913757
SRR22211907	HIV	13734	0.9703001332184	108	98.5031	1.00577435335334
SRR22211899	HIV	0	0	0	0	0
SRR22212074	HIV	0	0	0	0	0
SRR22211959	HIV	142	0.385966803190343	9	38.8939	0.358895665705669
SRR22212043	HIV	0	0	0	0	0
ERR6913101	SARS-Cov-2 study 2	126	0.476964232636481	4	5.6416	0.0730
ERR6913102	SARS-Cov-2 study 2	0	0	0	0	0
ERR6913103	SARS-Cov-2 study 2	0	0	0	0	0
ERR6913104	SARS-Cov-2 study 2	29	0.165599786623991	0	0	0
ERR6913105	SARS-Cov-2 study 2	0	0	0	0	0
ERR6913106	SARS-Cov-2 study 2	0	0	0	0	0
ERR6913107	SARS-Cov-2 study 2	0	0	0	0	0
ERR6913108	SARS-Cov-2 study 2	0	0	0	0	0
ERR6913109	SARS-Cov-2 study 2	0	0	0	0	0
ERR6913110	SARS-Cov-2 study 2	1	0.0101310686104052	0	0	0
ERR6913111	SARS-Cov-2 study 2	0	0	0	0	0
ERR6913112	SARS-Cov-2 study 2	0	0	0	0	0
ERR6913113	SARS-Cov-2 study 2	0	0	0	0	0
ERR6913114	SARS-Cov-2 study 2	0	0	0	0	0
ERR6913115	SARS-Cov-2 study 2	0	0	0	0	0
ERR6913116	SARS-Cov-2 study 2	0	0	0	0	0
ERR6913117	SARS-Cov-2 study 2	0	0	0	0	0
ERR6913118	SARS-Cov-2 study 2	0	0	0	0	0
ERR6913119	SARS-Cov-2 study 2	1	0.0101645044804066	0	0	0
ERR6913120	SARS-Cov-2 study 2	6	0.0251353700113644	0	0	0
ERR6913121	SARS-Cov-2 study 2	76	0.284332624302047	5	4.2939	1.6013
ERR6913122	SARS-Cov-2 study 2	92	0.31910798433663	2	3.0833	0.0553
ERR6913123	SARS-Cov-2 study 2	0	0	0	0	0
ERR6913124	SARS-Cov-2 study 2	0	0	0	0	0
ERR6913125	SARS-Cov-2 study 2	1	0.0100976327404039	0	0	0
ERR6913126	SARS-Cov-2 study 2	77	0.288912509134392	2	2.8392	1.0938
ERR6913127	SARS-Cov-2 study 2	0	0	0	0	0
ERR6913128	SARS-Cov-2 study 2	0	0	0	0	0
ERR6913129	SARS-Cov-2 study 2	0	0	0	0	0
ERR6913130	SARS-Cov-2 study 2	0	0	0	0	0
ERR6913131	SARS-Cov-2 study 2	0	0	0	0	0
ERR6913132	SARS-Cov-2 study 2	0	0	0	0	0
ERR6913133	SARS-Cov-2 study 2	0	0	0	0	0
ERR6913134	SARS-Cov-2 study 2	0	0	0	0	0
ERR6913135	SARS-Cov-2 study 2	0	0	0	0	0
ERR6913136	SARS-Cov-2 study 2	0	0	0	0	0
ERR6913137	SARS-Cov-2 study 2	0	0	0	0	0
ERR6913138	SARS-Cov-2 study 2	0	0	0	0	0
ERR6913139	SARS-Cov-2 study 2	0	0	0	0	0
ERR6913140	SARS-Cov-2 study 2	0	0	0	0	0
ERR6913141	SARS-Cov-2 study 2	0	0	0	0	0
ERR6913142	SARS-Cov-2 study 2	0	0	0	0	0
ERR6913143	SARS-Cov-2 study 2	0	0	0	0	0
ERR6913144	SARS-Cov-2 study 2	0	0	0	0	0
ERR6913145	SARS-Cov-2 study 2	0	0	0	0	0
ERR6913146	SARS-Cov-2 study 2	0	0	0	0	0
ERR6913147	SARS-Cov-2 study 2	0	0	0	0	0
ERR6913148	SARS-Cov-2 study 2	0	0	0	0	0
ERR6913149	SARS-Cov-2 study 2	0	0	0	0	0
ERR6913150	SARS-Cov-2 study 2	0	0	0	0	0
ERR6913151	SARS-Cov-2 study 2	0	0	0	0	0
ERR6913152	SARS-Cov-2 study 2	0	0	0	0	0
ERR6913153	SARS-Cov-2 study 2	0	0	0	0	0
ERR6913197	SARS-Cov-2 study 2	8909	0.998992573155589	1	99.8629	0.8304
ERR6913198	SARS-Cov-2 study 2	37	0.206995336442372	2	1.4346	14.6767
ERR6913199	SARS-Cov-2 study 2	4257	0.998701986754967	1	99.8495	61.9949
ERR6913200	SARS-Cov-2 study 2	4722	0.998888256890222	1	99.8495	6.1921
ERR6913201	SARS-Cov-2 study 2	4471	0.998871450317569	1	99.8729	65.2316
ERR6913202	SARS-Cov-2 study 2	53	0.327117404600452	1	1.0300	0.0054
ERR6913203	SARS-Cov-2 study 2	1304	0.986325406909905	16	95.0841	79.2853
ERR6913204	SARS-Cov-2 study 2	2459	0.994016412126738	6	98.4918	75.0318
ERR6913205	SARS-Cov-2 study 2	85	0.370378966214648	2	2.7723	0.9698
ERR6913206	SARS-Cov-2 study 2	4348	0.998838896952104	1	99.8595	41.1116
ERR6913207	SARS-Cov-2 study 2	6	0.0426747760994519	0	0	0
ERR6913208	SARS-Cov-2 study 2	964	0.979985792383482	21	91.9573	86.7422
ERR6913209	SARS-Cov-2 study 2	24	0.107307307307307	2	1.5517	5.0916
ERR6913210	SARS-Cov-2 study 2	6109	0.998853811078165	2	99.8529	80.2509
ERR6913211	SARS-Cov-2 study 2	1140	0.975965639088583	22	93.7130	84.1815
ERR6913212	SARS-Cov-2 study 2	22	0.120695408435665	1	0.7993	5.0927
ERR6913213	SARS-Cov-2 study 2	130	0.488189236512604	7	8.8386	73.5807
ERR6913214	SARS-Cov-2 study 2	4557	0.996197514995716	8	99.5385	58.7336
ERR6913215	SARS-Cov-2 study 2	2348	0.998541815582559	5	99.4750	34.9736
ERR6913216	SARS-Cov-2 study 2	7746	0.998947519494809	1	99.8462	90.0575
ERR6913217	SARS-Cov-2 study 2	5902	0.999031131281711	2	99.8595	67.2183
ERR6913218	SARS-Cov-2 study 2	1517	0.977265169150769	18	94.0039	6.8277
ERR6913219	SARS-Cov-2 study 2	11582	0.998995715050884	1	99.8562	5.8211
ERR6913220	SARS-Cov-2 study 2	732	0.955463555388283	27	85.3593	85.5250
ERR6913221	SARS-Cov-2 study 2	4328	0.998764361016905	1	99.8729	97.8194
ERR6913222	SARS-Cov-2 study 2	15	0.0556798824276028	0	0	0
ERR6913223	SARS-Cov-2 study 2	104	0.387000596302922	5	6.5612	0.2905
ERR6913224	SARS-Cov-2 study 2	3	0.00802407221664995	0	0	0
ERR6913225	SARS-Cov-2 study 2	0	0	0	0	0
ERR6913226	SARS-Cov-2 study 2	426	0.806101980069885	24	41.6915	0.1246
ERR6913227	SARS-Cov-2 study 2	0	0	0	0	0
ERR6913228	SARS-Cov-2 study 2	1	0.00438039189460309	0	0	0
ERR6913229	SARS-Cov-2 study 2	1	0.00431351568247174	0	0	0
ERR6913230	SARS-Cov-2 study 2	76	0.242491768383943	2	2.2372	0.0266
ERR6913231	SARS-Cov-2 study 2	2	0.00331037250050157	0	0	0
ERR6913232	SARS-Cov-2 study 2	0	0	0	0	0
ERR6913233	SARS-Cov-2 study 2	435	0.693360398114196	16	26.0609	0.0722
ERR6913234	SARS-Cov-2 study 2	0	0	0	0	0
ERR6913235	SARS-Cov-2 study 2	0	0	0	0	0
ERR6913236	SARS-Cov-2 study 2	0	0	0	0	0
ERR6913237	SARS-Cov-2 study 2	2	0.00899424903035977	0	0	0
ERR6913238	SARS-Cov-2 study 2	296	0.707931946576103	17	25.9606	0.0599
ERR6913239	SARS-Cov-2 study 2	175	0.607544933833695	7	11.0792	0.0193
ERR6913240	SARS-Cov-2 study 2	0	0	0	0	0
ERR6913241	SARS-Cov-2 study 2	2	0.00123708582700859	0	0	0
ERR6913242	SARS-Cov-2 study 2	53	0.154823011799213	1	1.1905	0.0049
ERR6913243	SARS-Cov-2 study 2	4	0.0250367696216072	0	0	0
ERR6913244	SARS-Cov-2 study 2	558	0.912548982127497	30	76.7047	0.6558
ERR6913245	SARS-Cov-2 study 2	10	0.00210645981008426	0	0	0
ERR6913246	SARS-Cov-2 study 2	1	0.00331037250050157	0	0	0
ERR6913247	SARS-Cov-2 study 2	11	0.0703025849976621	0	0	0
ERR6913248	SARS-Cov-2 study 2	169	0.524733236727704	13	18.5299	0.0522
ERR6913249	SARS-Cov-2 study 2	12395	0.99899808522955	1	99.8562	0.3607
ERR6913293	SARS-Cov-2 study 2	79	0.273995813814412	2	1.6620	0.0158
ERR6913294	SARS-Cov-2 study 2	0	0	0	0	0
ERR6913295	SARS-Cov-2 study 2	6	0.00678680084249941	0	0	0
ERR6913296	SARS-Cov-2 study 2	0	0	0	0	0
ERR6913297	SARS-Cov-2 study 2	0	0	0	0	0
ERR6913298	SARS-Cov-2 study 2	0	0	0	0	0
ERR6913299	SARS-Cov-2 study 2	0	0	0	0	0
ERR6913300	SARS-Cov-2 study 2	0	0	0	0	0
ERR6913301	SARS-Cov-2 study 2	0	0	0	0	0
ERR6913302	SARS-Cov-2 study 2	0	0	0	0	0
ERR6913303	SARS-Cov-2 study 2	0	0	0	0	0
ERR6913304	SARS-Cov-2 study 2	0	0	0	0	0
ERR6913322	SARS-Cov-2 study 2	512	0.879380915835252	28	62.3081	0.2039
ERR6913323	SARS-Cov-2 study 2	302	0.0718552881887661	0	0	0
ERR6913324	SARS-Cov-2 study 2	6	0.00678680084249941	0	0	0
ERR6913325	SARS-Cov-2 study 2	11	0.0417669072440524	0	0	0
ERR6913326	SARS-Cov-2 study 2	823	0.92322989993371	35	71.9794	0.1441
ERR6913327	SARS-Cov-2 study 2	1471	0.982100814971325	16	95.3583	28.1333
ERR6913328	SARS-Cov-2 study 2	120	0.311833670995383	2	2.1570	0.1198
ERR6913329	SARS-Cov-2 study 2	311	0.687681703851305	16	21.8674	0.1261
ERR6913330	SARS-Cov-2 study 2	864	0.944042298734815	32	76.9388	1.4481
ERR6913331	SARS-Cov-2 study 2	100	0.385329311544963	2	2.1837	0.0304
ERR6913332	SARS-Cov-2 study 2	88	0.351477758980993	2	2.2205	0.0074
ERR6913333	SARS-Cov-2 study 2	40	0.150133333333333	0	0	0
SRR12720792	SARS-Cov-2 study 1	3443	0.990873494862661	4	98.9265	75.1788
SRR12720793	SARS-Cov-2 study 1	219	0.257308970099668	1	1.2005	0.0055
SRR12720794	SARS-Cov-2 study 1	89179	0.998950799178498	2	99.5853	55.5690
SRR12720795	SARS-Cov-2 study 1	0	0	0	0	0
SRR12720797	SARS-Cov-2 study 1	86220	0.999342210528187	1	99.8930	84.5352
SRR12720799	SARS-Cov-2 study 1	46	0.227938240383336	1	1.1103	0.8590
SRR12720800	SARS-Cov-2 study 1	194	0.628562974652333	13	17.4498	0.1360
SRR12720802	SARS-Cov-2 study 1	2365827	0.999512842480136	1	99.6422	79.9420
SRR12720804	SARS-Cov-2 study 1	11390	0.825183847245517	22	29.1275	42.1164
SRR12720805	SARS-Cov-2 study 1	26487	0.983021306007152	22	89.5863	83.6511
SRR12720806	SARS-Cov-2 study 1	69049	0.997592772909229	8	99.5184	79.5368
SRR12720809	SARS-Cov-2 study 1	5142	0.98526087629664	12	95.5757	82.8830
SRR12720810	SARS-Cov-2 study 1	3231	0.783259997411673	23	27.0341	35.1457
SRR12720811	SARS-Cov-2 study 1	1254246	0.999692470656575	1	99.8863	1.6087
SRR12720812	SARS-Cov-2 study 1	316	0.585931333859511	0	0	0
SRR12720814	SARS-Cov-2 study 1	29079	0.990172488766488	18	97.6089	84.4572
SRR12720815	SARS-Cov-2 study 1	6618	0.420238606695529	3	2.5716	24.0764
SRR12720817	SARS-Cov-2 study 1	5658	0.974056891710414	28	86.9746	66.3844
SRR12720818	SARS-Cov-2 study 1	820465	0.999623541222236	3	99.7057	95.2561
SRR12720819	SARS-Cov-2 study 1	12316659	0.999765686455003	1	99.6422	92.4853
SRR12720820	SARS-Cov-2 study 1	18484	0.998596377574432	1	99.7559	89.2031
SRR12720821	SARS-Cov-2 study 1	185	0.384732571617818	0	0	0
SRR12720822	SARS-Cov-2 study 1	53079	0.998752638649012	2	99.8428	79.2739
SRR12720823	SARS-Cov-2 study 1	966132	0.99929322378302	2	99.7659	90.7057
SRR12720825	SARS-Cov-2 study 1	460806	0.999409626773426	2	99.8495	76.8994
SRR12720826	SARS-Cov-2 study 1	1423	0.539733578318787	6	6.5378	26.0342
SRR12720827	SARS-Cov-2 study 1	55729	0.999175458651125	1	99.8428	10.1005
SRR12720829	SARS-Cov-2 study 1	7369	0.536074680340532	6	5.6951	37.4945
SRR12720832	SARS-Cov-2 study 1	1517	0.955145444990572	28	83.8377	10.0592
SRR12720834	SARS-Cov-2 study 1	1701	0.988783512675543	15	96.3950	78.5871
SRR12720836	SARS-Cov-2 study 1	67863	0.998980735908674	10	99.2609	91.9349
SRR12720837	SARS-Cov-2 study 1	410990	0.999762494486479	2	99.7994	18.5050
SRR12720841	SARS-Cov-2 study 1	314	0.71985618565125	17	26.7164	18.5782
SRR12720842	SARS-Cov-2 study 1	719	0.460592842272232	1	1.3042	1.8492
SRR12720844	SARS-Cov-2 study 1	8876	0.975992190598212	37	90.2618	76.4574
SRR12720845	SARS-Cov-2 study 1	236363	0.99928586431422	5	99.3847	3.6064
SRR12720846	SARS-Cov-2 study 1	7111	0.703046098713145	13	16.5803	52.0599
SRR12720848	SARS-Cov-2 study 1	50777	0.999173864063087	1	99.7759	63.3582
SRR12720849	SARS-Cov-2 study 1	39212	0.998748060855129	1	99.7860	88.0944
SRR12720850	SARS-Cov-2 study 1	636	0.24562045008809	0	0	0
SRR12720851	SARS-Cov-2 study 1	76915	0.998831695416123	1	99.7291	75.2500
SRR12720852	SARS-Cov-2 study 1	59594	0.998238186647033	8	99.7559	53.3382
SRR12720855	SARS-Cov-2 study 1	44078	0.998588017625435	2	99.7525	77.6234
SRR12720856	SARS-Cov-2 study 1	169925	0.998593932461095	2	99.8428	1.4134
SRR12720858	SARS-Cov-2 study 1	3916687	0.999696765498652	1	99.6422	7.6076
SRR3927549	Zika	13	0.0299639323037085	0	0	0
SRR3927547	Zika	206326	0.999490523741594	1	98.9174	0.615922826565559
SRR3927540	Zika	57	0.16432921203174	0	0	0
SRR3927548	Zika	37	0.115198711063373	0	0	0
SRR3927550	Zika	91	0.141736642982375	2	4.8580	0.191244846039126
SRR3927553	Zika	0	0	0	0	0
SRR3927544	Zika	0	0	0	0	0
SRR3927542	Zika	7	0.0289426523297491	0	0	0
SRR3927543	Zika	6	0.0289374664038703	0	0	0
SRR3927554	Zika	12	0.0149861239592969	0	0	0
SRR3927552	Zika	0	0	0	0	0
SRR3927541	Zika	0	0	0	0	0
SRR3927539	Zika	60	0.127650058144736	0	0	0
SRR3927551	Zika	13	0.0587963390958676	0	0	0
SRR3927367	Zika	506	0.71015130190007	11	84.0381	8.28900709219858
SRR9869797	Ebola	436	0.304882459312839	7	14.2782	4.02560701309187
SRR9869768	Ebola	0	0	0	0	0
SRR9869760	Ebola	688	0.102113770593721	1	1.0866	0.415078264099007
SRR9869778	Ebola	0	0	0	0	0
SRR9869821	Ebola	794	0.0546362784889166	0	0	0
SRR9869770	Ebola	307042	0.999080190651392	1	99.4673	10.623128395575
SRR9869815	Ebola	813	0.255396605650413	4	7.0890	2.53127577673907
SRR9869826	Ebola	0	0	0	0	0
SRR9869777	Ebola	0	0	0	0	0
SRR9869758	Ebola	14341	0.993328115099333	1	99.4303	23.9436085472247
SRR9869782	Ebola	20	0.0641984411207078	0	0	0
SRR9869822	Ebola	97684	0.934026887431774	19	68.6587	28.092713288765
SRR9869813	Ebola	197920	0.998624831612034	1	99.5358	0.530173917362803
SRR9869769	Ebola	1	0.00390254192595718	0	0	0
SRR9869767	Ebola	0	0	0	0	0
SRR9869761	Ebola	7	0.0158161113454239	0	0	0
SRR9869818	Ebola	1	0.00574833878282882	0	0	0
SRR9869771	Ebola	0	0	0	0	0
SRR9869809	Ebola	10	0.0428345626975764	0	0	0
SRR9869762	Ebola	2720	0.434496411779263	1	1.5718	0.163332576707097
SRR9869795	Ebola	0	0	0	0	0
SRR9869800	Ebola	0	0	0	0	0
SAMN34565532	LASV	0	0	0	0	0
SAMN34509059	LASV	363	0.880885650224215	1	94.5819	0.482468405140802
SAMN32238281	LASV	0	0.030008826125331	0	0	0
SAMN34473365	LASV	0	0.0599823581299618	0	0	0
SAMN32238279	LASV	0	0.0599823581299618	0	0	0
SAMN34565783	LASV	114	0.0939794419970631	0	0	0
SAMN34472946	LASV	19	0.334501898919077	5	50.0294	1.32876988121603
SAMN34472947	LASV	15	0.193557833089312	4	43.6690	1.71716446486693
SAMN34472890	LASV	69	0.539599651871192	1	4.0580	0.0324228264906805
SAMN34441094	LASV	186	0.9120694483338	4	92.4028	0.433715506432369
SAMN34565861	LASV	0	0	0	0	0
SAMN34507799	LASV	3	0.030008826125331	0	0	0
SAMN34496918	LASV	22	0.0603638368246968	0	0	0
SAMN34472893	LASV	3	0.0599823581299618	0	0	0
SAMN34550952	LASV	0	0	0	0	0
SAMN32238318	LASV	0	0	0	0	0
SAMN34472885	LASV	164	0.0599823581299618	0	0	0
SAMN34441574	LASV	0	0.0140728476821192	0	0	0
SAMN34565780	LASV	190	0.840044432102194	2	73.4099	0.841819595030761
SAMN34507808	LASV	0	0	0	0	0
SAMN34550953	LASV	307	0.518722786647315	2	22.9682	0.0582461214265679
SAMN34472886	LASV	4	0.0599823581299618	1	9.1578	0.187509797537653
SAMN34472887	LASV	269	0.677716921302969	3	28.6514	0.313254563600657
SAMN34472892	LASV	3	0.030008826125331	0	0	0
SAMN34441589	LASV	6	0.0599823581299618	0	0	0
SAMN34441091	LASV	4	0.089920658242727	0	0	0
SAMN34565864	LASV	0	0	0	0	0
SAMN34565530	LASV	1	0.030008826125331	0	0	0
SAMN34565533	LASV	42	0.359416058394161	0	0	0
SAMN34472945	LASV	18	0.119823788546255	0	0	0
SAMN32238284	LASV	0	0	0	0	0
SAMN34565782	LASV	37	0.347242486139481	0	0	0
SAMN34550950	LASV	0	0	0	0	0
SAMN34473366	LASV	94	0.296577946768061	0	0	0
SAMN34473367	LASV	0	0	0	0	0
SAMN34565531	LASV	156	0.39585764294049	1	9.0400	0.0633032763053981
SAMN34492699	LASV	164	0.560905703640011	3	38.2803	0.185835384334396
SAMN34565784	LASV	0	0	0	0	0
SAMN32238296	LASV	48379	1	1	99.7055	0.44548097675829
SAMN32238297	LASV	0	0.0421952564809708	0	0	0
SAMN32238282	LASV	7998	0.996357012750455	1	99.8233	7.01428209245331
SAMN34509118	LASV	147	0.784982935153584	5	78.7102	0.428005175494445
SAMN32238306	LASV	97	0.188684427355122	0	0	0
SAMN32238307	LASV	95	0.113998899889989	1	96.6431	11.4212118938655
SAMN34496906	LASV	24	0.120210587891196	1	12.3086	0.100587885657082
SAMN34496907	LASV	0	0	0	0	0
SAMN34473329	LASV	0	0.0702866593164278	0	0	0
SAMN34565862	LASV	11	0.174244646523907	0	0	0
SAMN34552918	LASV	3	0.0599823581299618	0	0	0
SAMN34550951	LASV	0	0	0	0	0
SAMN34441093	LASV	1051	0.893318360471645	4	91.1072	6.8117641947956
SAMN34472894	LASV	3	0.089920658242727	1	8.5984	0.0578046313216956
SAMN34472891	LASV	0	0	0	0	0
SAMN34565863	LASV	1	0.0285210232284622	0	0	0
SAMN34550954	LASV	1	0.030008826125331	0	0	0
SAMN32238280	LASV	0	0.030008826125331	0	0	0
SAMN34441092	LASV	1	0.030008826125331	0	0	0
SAMN32238283	LASV	0	0.0140728476821192	0	0	0
SAMN32238295	LASV	0	0.0281379310344828	0	0	0
SAMN34565779	LASV	274356	0.996647108130763	1	100.0000	20.509775088136
SAMN34509049	LASV	71	0.621824480369515	2	19.3168	0.099207891847848
SAMN34565781	LASV	31	0.386767706208103	0	0	0
SAMN34496905	LASV	0	0	0	0	0
SAMN34552189	LASV	330	0.844086021505376	4	83.9812	0.462907947337231
SAMN32238305	LASV	350	0.317555938037866	2	95.3485	11.7420596727623
SAMN34565534	LASV	1	0.0140728476821192	0	0	0
SAMN34565860	LASV	0	0	0	0	0
SAMN34565855	LASV	1149	0.869185226952354	6	90.1355	0.145672642346802
SAMN34509058	LASV	37	0.206684256816183	0	0	0
SAMN32238302	LASV	0	0	0	0	0
SAMN32238292	LASV	0	0.0599823581299618	0	0	0
SAMN32238287	LASV	4	0.089920658242727	0	0	0
SAMN34507812	LASV	0	0	0	0	0
SAMN32238286	LASV	1628	0.98785151856018	1	98.6455	6.89708707717984
SAMN34473364	LASV	1146	0.803970917225951	3	59.6290	0.97941840800408
SAMN34508928	LASV	272	0.781678082191781	5	68.4923	0.116691159434525
SAMN34441575	LASV	14	0.108599941297329	0	0	0
SAMN34472884	LASV	0	0	0	0	0
SAMN34472950	LASV	8	0.113069016152717	1	11.9847	0.279830863900443
SAMN34508919	LASV	1	0.030008826125331	0	0	0
SAMN34496919	LASV	2	0.030008826125331	0	0	0
SAMN34507798	LASV	272	0.743100995732575	4	64.5171	0.0805828038107517
SAMN34441095	LASV	6	0.0599823581299618	0	0	0
SAMN34472900	LASV	7	0.0669790518191841	0	0	0
SAMN32238319	LASV	190	0.0698217937481741	0	0	0
SAMN34507809	LASV	0	0	0	0	0
SAMN34565866	LASV	256	0.207856933450601	0	0	0
SAMN34565867	LASV	0	0	0	0	0
SAMN34566299	LASV	0	0	0	0	0
SAMN34441576	LASV	10	0.119823788546255	0	0	0
SAMN34441577	LASV	194	0.342773722627737	0	0	0
SAMN34441588	LASV	0	0.0140728476821192	0	0	0
SAMN34507810	LASV	0	0	0	0	0
SAMN34550947	LASV	0	0	0	0	0
SAMN32238290	LASV	0	0	0	0	0
SAMN34565865	LASV	34	0.0705428492697713	0	0	0
SAMN32238300	LASV	5	0.131787496331083	0	0	0
SAMN34472881	LASV	33	0.311934636708491	2	52.7680	0.288789603038254
SAMN32238303	LASV	0	0	0	0	0
SAMN34492701	LASV	59577	0.998902477265601	2	99.9586	0.30784653855685
SAMN34565857	LASV	0	0	0	0	0
SAMN34565856	LASV	30	0.202461177849399	0	0	0
SAMN34472952	LASV	319	0.892548144013397	3	64.0165	0.292721634464191
SAMN32238293	LASV	860	0.464088397790055	1	97.6148	1.59545625396669
SAMN34472944	LASV	4	0.089920658242727	0	0	0
SAMN32238285	LASV	133	0.38089823763502	1	97.4382	7.28167452176324
SAMN34565785	LASV	0	0	0	0	0
SAMN34492698	LASV	12	0.179524787327662	0	0	0
SAMN32238301	LASV	17	0.179712694224568	0	0	0
SAMN34473363	LASV	962	0.759084406294707	3	45.1119	0.214235038461753
SAMN34509119	LASV	8	0.119823788546255	0	0	0
SAMN32238291	LASV	10	0.209322779243624	2	23.7044	1.09515620219242
SAMN34507811	LASV	0	0	0	0	0
SAMN34565537	LASV	199	0.595417633410673	0	0	0
SAMN34565536	LASV	5	0.0140728476821192	0	0	0
SAMN34473328	LASV	84	0.222092001171989	0	0	0
SAMN34552919	LASV	9	0.0825741992359683	0	0	0
SAMN34492700	LASV	10	0.108957415565345	0	0	0
SAMN34472883	LASV	60	0.236741869323176	0	0	0
SAMN34550956	LASV	603	0.843634292224438	4	66.4016	0.134514517200203
SAMN34472895	LASV	3	0.030008826125331	1	8.6867	0.0270224853421977
SAMN34472882	LASV	10	0.0570420464569244	0	0	0
SAMN34550955	LASV	1	0.030008826125331	0	0	0
SAMN34472897	LASV	211	0.170225212050307	1	28.3494	0.204069526702925
SAMN34472896	LASV	4	0.0421952564809708	0	0	0
SAMN32238294	LASV	858	0.488594164456233	1	100.0000	13.6628362496735
SAMN09943762	LASV	1509	0.980574980574981	1	97.2615	1.15984548553493
SAMN34565787	LASV	784003	0.997305022458146	4	100.0000	11.041259765625
SAMN34565786	LASV	33	0.0790851474235326	0	0	0
SAMN34472943	LASV	29	0.111306901615272	0	0	0
SAMN34509048	LASV	121	0.357956204379562	0	0	0
SAMN32238304	LASV	0	0	0	0	0
SAMN34565535	LASV	81	0.589013517400057	2	25.5595	0.111748396250873
SAMN34472951	LASV	17	0.119823788546255	0	0	0
SAMN34496904	LASV	89	0.481535330037802	1	11.4547	0.022720728371648
SAMN34552188	LASV	107	0.603892386949056	3	66.2544	1.23140691933412
SAMN34508925	LASV	1252	0.862772498602571	4	70.5830	0.235849841712633
SAMN34552191	LASV	48	0.31375985977213	0	0	0
SAMN32238275	LASV	108	0.835782928208027	4	64.4582	3.19501452279329
SAMN34473369	LASV	0	0	0	0	0
SAMN34509055	LASV	113	0.355996498395098	1	5.1208	0.0991267177934876
SAMN34565858	LASV	31	0.268814055636896	0	0	0
SAMN09943710	LASV	6113	0.990501632531909	2	99.9586	0.514960366861997
SAMN34507804	LASV	1	0.0140728476821192	0	0	0
SAMN34552913	LASV	188	0.277143693298215	0	0	0
SAMN34574680	LASV	491	0.21614507165838	0	0	0
SAMN34566301	LASV	376	0.543616406701329	3	37.5442	0.0422987792338501
SAMN34472889	LASV	0	0	0	0	0
SAMN34509316	LASV	30	0.326715328467153	0	0	0
SAMN34509317	LASV	0	0	0	0	0
SAMN34496914	LASV	10	0.0599823581299618	0	0	0
SAMN34441586	LASV	1	0.0140728476821192	0	0	0
SAMN34441587	LASV	0	0	0	0	0
SAMN34550948	LASV	417	0.871736662883087	4	69.2285	0.177952998211642
SAMN34507795	LASV	23	0.187591454492245	0	0	0
SAMN34441578	LASV	123	0.530860620110113	1	10.4829	0.03251007949445
SAMN32238314	LASV	4114	0.554916317991632	1	97.4382	4.39822094433712
SAMN32238311	LASV	361	0.5268758526603	1	97.4971	4.46652091191295
SAMN34552912	LASV	0	0	0	0	0
SAMN34565868	LASV	237	0.344434706397897	1	9.5701	0.0164631143922043
SAMN34496911	LASV	2	0.030008826125331	0	0	0
SAMN34566304	LASV	29	0.0558659217877095	0	0	0
SAMN34441585	LASV	0	0.0281379310344828	0	0	0
SAMN34507796	LASV	0	0	0	0	0
SAMN34507797	LASV	81	0.437226915234489	1	5.3416	0.0120395107377753
SAMN34507801	LASV	141	0.752283105022831	4	42.4912	0.20031716885068
SAMN34509315	LASV	23	0.235879426397425	0	0	0
SAMN32238269	LASV	2617	0.976517089049058	1	99.5878	6.80882927895989
SAMN32238288	LASV	850	0.966194111232279	3	83.8634	2.2993883477279
SAMN32238277	LASV	1763	0.990094552003602	1	98.3216	9.43029360295547
SAMN34508926	LASV	1	0.030008826125331	0	0	0
SAMN34508927	LASV	0	0	0	0	0
SAMN34472949	LASV	30	0.162511000293341	0	0	0
SAMN34574682	LASV	169	0.320771253286591	1	9.1578	0.742496669540005
SAMN34509056	LASV	31	0.204338903547347	0	0	0
SAMN34509057	LASV	95	0.640378548895899	0	0	0
SAMN34507800	LASV	0	0	0	0	0
SAMN34509047	LASV	82	0.621128798842258	0	0	0
SAMN34509046	LASV	91	0.619323112525311	2	22.6443	0.101255332945293
SAMN34574912	LASV	215	0.86598812553011	3	69.9058	0.135540275323551
SAMN34552192	LASV	101	0.122213047068538	0	0	0
SAMN34509308	LASV	33	0.0421952564809708	0	0	0
SAMN34552187	LASV	314	0.833662807116634	3	75.5889	0.228958021928516
SAMN34552186	LASV	7	0.149486049926579	0	0	0
SAMN34496910	LASV	1244	0.902015677491601	3	91.9022	0.450199604803043
SAMN34565788	LASV	2	0.0180689655172414	0	0	0
SAMN32238310	LASV	751	0.235260281852171	1	97.4971	5.37277529954478
SAMN34492695	LASV	14	0.123569122395069	1	7.1222	0.0382268094393549
SAMN34496913	LASV	15	0.346277372262774	0	0	0
SAMN34472898	LASV	9	0.176591375770021	0	0	0
SAMN32238313	LASV	18106	0.794847553769794	1	97.4087	7.09851386964436
SAMN34566302	LASV	28	0.089920658242727	0	0	0
SAMN34507803	LASV	32	0.0986784140969163	0	0	0
SAMN34552914	LASV	10	0.120046962136777	0	0	0
SAMN34473325	LASV	28	0.114831130690162	0	0	0
SAMN32238312	LASV	32900	0.776627856834843	1	97.4382	3.75175508630895
SAMN34496912	LASV	0	0	0	0	0
SAMN34552190	LASV	114	0.457184325108853	1	8.9812	0.0616916871968511
SAMN34473326	LASV	0	0	0	0	0
SAMN34473327	LASV	763	0.829240756421112	3	49.3816	0.570370125359706
SAMN34507802	LASV	0	0	0	0	0
SAMN34566303	LASV	308	0.387868183143774	1	10.7774	0.0702622490973064
SAMN32238309	LASV	0	0	0	0	0
SAMN34552193	LASV	0	0	0	0	0
SAMN34552185	LASV	0	0	0	0	0
SAMN34574913	LASV	0	0	0	0	0
SAMN34496909	LASV	17161	0.993174691016418	1	100.0000	0.767768032609449
SAMN34574679	LASV	0	0	0	0	0
SAMN34566300	LASV	797	0.949472515269295	3	89.1048	0.117497313482665
SAMN34509045	LASV	23	0.0563749138525155	0	0	0
SAMN34565538	LASV	0	0	0	0	0
SAMN34492697	LASV	43	0.323468968351829	0	0	0
SAMN34492696	LASV	5	0.059688326962658	0	0	0
SAMN34574681	LASV	3	0.030008826125331	0	0	0
SAMN32238299	LASV	0	0	0	0	0
SAMN32238274	LASV	16	0.150833089739842	1	49.6466	1.27636788187891
SAMN34492693	LASV	45	0.308681672025723	1	9.6290	0.0108274536978707
SAMN09943768	LASV	1520	0.971162790697674	1	98.5571	0.388799765909373
SAMN34508924	LASV	10	0.0599823581299618	0	0	0
SAMN34473368	LASV	38	0.218869030178728	0	0	0
SAMN34473371	LASV	0	0	0	0	0
SAMN34509120	LASV	10	0.0834940755028934	0	0	0
SAMN34565859	LASV	201	0.0983471074380165	0	0	0
SAMN34509042	LASV	0	0	0	0	0
SAMN34473323	LASV	2	0.0260689655172414	0	0	0
SAMN34441581	LASV	0	0	0	0	0
SAMN34552920	LASV	12	0.089920658242727	0	0	0
SAMN34566306	LASV	6	0.030008826125331	1	9.4229	0.144668538847758
SAMN34566307	LASV	1571	0.654895205282802	5	62.0730	0.593341142438425
SAMN34507805	LASV	63	0.030008826125331	0	0	0
SAMN34509311	LASV	2	0.0281379310344828	0	0	0
SAMN34509123	LASV	7	0.0699382897443432	0	0	0
SAMN34472888	LASV	386	0.579298347347057	3	33.5984	0.736390486908931
SAMN32238315	LASV	16	0.0330216247808299	1	1.0190	6.34473167385523
SAMN34509061	LASV	66	0.116886930983847	0	0	0
SAMN34507794	LASV	11	0.0421952564809708	0	0	0
SAMN34550949	LASV	0	0	0	0	0
SAMN34496915	LASV	1350	0.970501474926254	2	98.3216	0.332218764564832
SAMN34441579	LASV	0	0	0	0	0
SAMN34566305	LASV	164	0.674719585849871	3	36.1307	0.120134926784219
SAMN34509122	LASV	22	0.268814055636896	0	0	0
SAMN34507806	LASV	0	0	0	0	0
SAMN34507807	LASV	13	0.126376651982379	0	0	0
SAMN09943731	LASV	2490	0.987648341002664	1	98.8516	0.764988290919783
SAMN34509064	LASV	9	0.186748754031076	0	0	0
SAMN34565869	LASV	0	0	0	0	0
SAMN34473322	LASV	1	0.0140728476821192	1	9.6290	0.187577189870832
SAMN34509314	LASV	33	0.393409157188685	0	0	0
SAMN34496917	LASV	110	0.298040362679146	0	0	0
SAMN34496916	LASV	19610	0.992652899126291	1	100.0000	0.447147529456663
SAMN32238317	LASV	0	0	0	0	0
SAMN32238316	LASV	0	0	0	0	0
SAMN34441584	LASV	0	0	0	0	0
SAMN32238289	LASV	36	0.46966618287373	1	9.8057	0.0934584653841003
SAMN09943774	LASV	5201	0.986467380327207	2	99.4617	0.632709270713378
SAMN34509051	LASV	88	0.401632177207811	1	6.6380	0.00896326065450006
SAMN34492692	LASV	5	0.030008826125331	0	0	0
SAMN34565529	LASV	246	0.8625	3	51.5312	0.0905220507414016
SAMN34472948	LASV	26	0.158790724977986	0	0	0
SAMN34496921	LASV	0	0	0	0	0
SAMN34509043	LASV	2	0.0599823581299618	0	0	0
SAMN34508921	LASV	21	0.200234535326884	0	0	0
SAMN32238321	LASV	0	0	0	0	0
SAMN32238271	LASV	151957	1	1	99.7055	2.05562752822357
SAMN34509115	LASV	103	0.379189740600408	2	9.8827	0.0457018323404471
SAMN34509309	LASV	0	0	0	0	0
SAMN32238273	LASV	82	0.268963520555877	1	97.4382	3.76588262321735
SAMN34473372	LASV	6	0.0599823581299618	0	0	0
SAMN34473330	LASV	3	0.089920658242727	0	0	0
SAMN34492694	LASV	21	0.28178895059924	0	0	0
SAMN34508923	LASV	11	0.14051041361103	0	0	0
SAMN34496923	LASV	1061	0.825839499146272	4	49.6466	0.076018670044097
SAMN34441582	LASV	51	0.119823788546255	0	0	0
SAMN32238320	LASV	631	0.452564443263354	1	97.5265	6.38275731198198
SAMN32238270	LASV	6	0.0823918434830532	0	0	0
SAMN34507793	LASV	3	0.0386100386100386	0	0	0
SAMN34508920	LASV	0	0	0	0	0
SAMN34572407	LASV	4763	0.901883609783525	5	77.3263	0.225646599026347
SAMN34496920	LASV	865	0.872625698324022	3	77.5324	0.763341929360522
SAMN34472899	LASV	7	0.142941003815674	1	10.7185	1.03966915417138
SAMN34509312	LASV	1059	0.796764121487369	4	68.0801	0.304803866767501
SAMN34473324	LASV	128	0.610838858460651	9	93.7279	7.81341655130341
SAMN34509062	LASV	200	0.850636492220651	5	77.6207	0.452980852771274
SAMN34552915	LASV	60	0.519214099971107	1	10.8657	0.0331481885727684
SAMN34509050	LASV	331	0.891583054626533	2	98.8221	0.811295217863253
SAMN34509124	LASV	103	0.776093794681155	3	30.9187	0.151406475828893
SAMN34509313	LASV	84	0.089920658242727	0	0	0
SAMN34509121	LASV	33	0.380869058034412	0	0	0
SAMN34473370	LASV	6	0.0352837400764481	0	0	0
SAMN34507792	LASV	0	0	0	0	0
SAMN34473321	LASV	21	0.131710178938105	0	0	0
SAMN34441583	LASV	341	0.374090247452693	0	0	0
SAMN34509063	LASV	34	0.383133936387511	0	0	0
SAMN34552917	LASV	32	0.0599823581299618	0	0	0
SAMN34552916	LASV	0	0	0	0	0
SAMN34509044	LASV	122	0.291216807703531	1	7.8033	0.0148959796331333
SAMN34509117	LASV	0	0	0	0	0
SAMN34509116	LASV	2	0.0281379310344828	0	0	0
SAMN32238308	LASV	0	0	0	0	0
SAMN34552184	LASV	243	0.643558636626228	1	10.7185	0.0499279199946231
SAMN34496908	LASV	13	0.089920658242727	0	0	0
SAMN34509060	LASV	5	0.030008826125331	0	0	0
SAMN34496922	LASV	27	0.119823788546255	1	13.4276	0.0257983403443234
SAMN34508922	LASV	0	0.030008826125331	0	0	0
SAMN34509310	LASV	60	0.688453786351857	1	10.8363	0.0539702505448216
SAMN32238298	LASV	0	0.0948604992657856	0	0	0
SAMN34441580	LASV	162	0.171788118232368	0	0	0
SAMN32238322	LASV	12	0.159097568121887	0	0	0
SAMN34552921	LASV	352	0.642918950100952	2	19.3463	0.0486480800808756
SAMN32238272	LASV	30828	0.994316282179873	1	99.5289	48.2936543858061
SRR8476466	CHIKV	0	0	0	0	0
SRR8476472	CHIKV	19078	0.9998606271777	1	100.0000	19.236034371856
SRR8476445	CHIKV	0	0	0	0	0
SRR8476451	CHIKV	13976	0.998909645998401	1	100.0000	19.2293675247656
SRR8476515	CHIKV	0	0	0	0	0
SRR8476503	CHIKV	0	0	0	0	0
SRR8476437	CHIKV	0	0	0	0	0
SRR8476491	CHIKV	0	0	0	0	0
SRR8476506	CHIKV	0	0	0	0	0
SRR8476543	CHIKV	0	0	0	0	0
SRR8476521	CHIKV	0	0	0	0	0
SRR8476463	CHIKV	0	0	0	0	0
SRR8476439	CHIKV	0	0	0	0	0
SRR8476474	CHIKV	3330	0.877746478873239	10	68.9244	1.8881001337788
SRR8476504	CHIKV	0	0	0	0	0
SRR8476542	CHIKV	0	0	0	0	0
SRR8476511	CHIKV	0	0	0	0	0
SRR8476538	CHIKV	228	0.492401469605878	5	18.2552	0.992734439914205
SRR8476455	CHIKV	8605	0.998895561537931	1	100.0000	11.3589328625374
SRR8476441	CHIKV	0	0	0	0	0
SRR8476462	CHIKV	0	0	0	0	0
SRR8476476	CHIKV	0	0	0	0	0
SRR8476473	CHIKV	1887031	1	1	100.0000	27.0904768435971
SRR8476530	CHIKV	0	0	0	0	0
SRR8476487	CHIKV	0	0	0	0	0
SRR8476464	CHIKV	0	0	0	0	0
SRR8476502	CHIKV	0	0	0	0	0
SRR8476525	CHIKV	0	0	0	0	0
SRR8476489	CHIKV	0	0	0	0	0
SRR8476544	CHIKV	0	0	0	0	0
SRR8476495	CHIKV	0	0	0	0	0
SRR8476488	CHIKV	0	0	0	0	0
SRR8476465	CHIKV	0	0	0	0	0
SRR8476446	CHIKV	4999	0.821446509291813	13	70.1367	12.4439729875097
SRR8476452	CHIKV	4789	0.837028918303684	13	69.8616	14.3768809601508
SRR8476471	CHIKV	0	0	0	0	0
SRR8476524	CHIKV	0	0	0	0	0
SRR8476494	CHIKV	0	0	0	0	0
SRR8476516	CHIKV	0	0	0	0	0
SRR8476522	CHIKV	0	0	0	0	0
SRR8476492	CHIKV	0	0	0	0	0
SRR8476513	CHIKV	0	0	0	0	0
SRR8476539	CHIKV	0	0	0	0	0
SRR8476505	CHIKV	0	0	0	0	0
SRR8476480	CHIKV	0	0	0	0	0
SRR8476454	CHIKV	6712	0.856127143454621	16	75.6035	29.690087532529
SRR8476537	CHIKV	117134	1	1	100.0000	3.01636810570761
SRR8476443	CHIKV	0	0	0	0	0
SRR8476438	CHIKV	0	0	0	0	0
SRR8476512	CHIKV	0	0	0	0	0
SRR8476493	CHIKV	0	0	0	0	0
SRR8476523	CHIKV	0	0	0	0	0
SRR8476541	CHIKV	0	0	0	0	0
SRR8476442	CHIKV	0	0	0	0	0
SRR8476475	CHIKV	533	0.894155623513422	10	77.7068	47.1681323283082
SRR8476461	CHIKV	0	0	0	0	0
SRR8476456	CHIKV	0	0	0	0	0
SRR8476444	CHIKV	0	0	0	0	0
SRR8476453	CHIKV	50314	1	1	100.0000	12.1572934522649
SRR8476496	CHIKV	0	0	0	0	0
SRR8476501	CHIKV	11074	1	1	100.0000	7.12918602691576
SRR8476526	CHIKV	0	0	0	0	0
SRR8476514	CHIKV	0	0	0	0	0
SRR8476430	CHIKV	0	0	0	0	0
SRR8476436	CHIKV	0	0	0	0	0
SRR8476507	CHIKV	0	0	0	0	0
SRR8476520	CHIKV	0	0	0	0	0
SRR8476490	CHIKV	0	0	0	0	0
SRR8476509	CHIKV	0	0	0	0	0
SRR8476535	CHIKV	0	0	0	0	0
SRR8476458	CHIKV	0	0	0	0	0
SRR8476482	CHIKV	0	0	0	0	0
SRR8476450	CHIKV	171254	1	1	100.0000	8.46275279460705
SRR8476467	CHIKV	0	0	0	0	0
SRR8476484	CHIKV	0	0	0	0	0
SRR8476498	CHIKV	0	0	0	0	0
SRR8476433	CHIKV	0	0	0	0	0
SRR8476469	CHIKV	0	0	0	0	0
SRR8476528	CHIKV	0	0	0	0	0
SRR8476531	CHIKV	0	0	0	0	0
SRR8476486	CHIKV	0	0	0	0	0
SRR8476448	CHIKV	531	0.410704869045526	3	11.3951	1.68256630674075
SRR8476518	CHIKV	12507	1	1	100.0000	9.75866801738505
SRR8476432	CHIKV	677	0.684818481848185	12	46.2283	13.7732484076433
SRR8476510	CHIKV	0	0	0	0	0
SRR8476434	CHIKV	0	0	0	0	0
SRR8476479	CHIKV	0	0	0	0	0
SRR8476483	CHIKV	0	0	0	0	0
SRR8476440	CHIKV	0	0	0	0	0
SRR8476477	CHIKV	0	0	0	0	0
SRR8476435	CHIKV	256839	1	1	100.0000	4.09405750096201
SRR8476478	CHIKV	0	0	0	0	0
SRR8476536	CHIKV	0	0	0	0	0
SRR8476481	CHIKV	0	0	0	0	0
SRR8476470	CHIKV	0	0	0	0	0
SRR8476533	CHIKV	0	0	0	0	0
SRR8476447	CHIKV	118955	0.999530614373631	1	100.0000	21.712231266197
SRR8476519	CHIKV	0	0	0	0	0
SRR8476449	CHIKV	1403756	1	1	100.0000	13.764796167531
SRR8476517	CHIKV	0	0	0	0	0
SRR8476468	CHIKV	0	0	0	0	0
SRR8476499	CHIKV	0	0	0	0	0
SRR8476485	CHIKV	0	0	0	0	0
SRR8476529	CHIKV	0	0	0	0	0
SRR8476532	CHIKV	0	0	0	0	0
SRR8476431	CHIKV	0	0	0	0	0
SRR8476497	CHIKV	0	0	0	0	0
SRR8476527	CHIKV	0	0	0	0	0
SRR8476500	CHIKV	0	0	0	0	0
SRR8476540	CHIKV	0	0	0	0	0
SRR8476508	CHIKV	0	0	0	0	0
SRR8476459	CHIKV	0	0	0	0	0
SRR8476460	CHIKV	0	0	0	0	0
SRR8476534	CHIKV	0	0	0	0	0
SRR8476457	CHIKV	0	0	0	0	0
SRR12102431	Dengue	79789	0.999162561576355	1	99.8223	37.3372429922854
SRR12102432	Dengue	63796	0.998659450871357	1	99.9719	18.4687640294229
SRR12102427	Dengue	2068	0.975669849091469	9	94.5463	4.05760631811231
SRR12102437	Dengue	21557	0.995098039215686	1	99.7194	17.1771270966294
SRR12102433	Dengue	2641	0.980300524840032	1	97.1188	1.05507379520674
SRR12102428	Dengue	2965	0.977768246479377	1	96.9785	7.0153950262223
SRR12102438	Dengue	3586	0.989861624880121	2	96.8475	15.8748798975125
SRR12102426	Dengue	14182	0.984128843338214	6	97.0253	9.53696240819395
SRR12102440	Dengue	1466	0.969522759489683	2	95.1450	20.7692934893391
SRR12102439	Dengue	1500	0.983824558674858	2	94.8924	7.56992328587206
SRR12102425	Dengue	4732	0.98490740130495	2	97.4462	2.35415089436039
SRR12102434	Dengue	43075	0.994451579758541	1	98.1572	1.90271199471963
SRR12102430	Dengue	13469	0.994263094486834	1	99.4574	93.0687876933834
SRR12102435	Dengue	5167	0.988742109715624	1	97.5398	21.5264874685165
SRR12102429	Dengue	58004	0.994940386734796	2	99.4481	2.35708247477149
SRR12102436	Dengue	7755	0.985988292439905	1	97.4836	1.9018366840407
